resources/Input/skyview.2.asc
NCOLS 153
NROWS 173
XLLCORNER 628082.1585431173
YLLCORNER 5141515.270487413
CELLSIZE 30.005356186399773
NODATA_VALUE -9999
[rows 0 to 20 of 173, columns 96 to 143 of 153]
-9999 -9999 -9999 -9999 -9999 -9999 -9999 -9999 -9999 -9999 -9999 -9999 -9999 -9999 -9999 -9999 -9999 -9999 -9999 -9999 -9999 -9999 -9999 -9999 -9999 -9999 -9999 -9999 -9999 -9999 -9999 -9999 -9999 -9999 -9999 -9999 -9999 -9999 -9999 -9999 -9999 -9999 -9999 -9999 -9999 -9999 -9999 -9999
-9999 -9999 -9999 -9999 -9999 -9999 -9999 -9999 -9999 -9999 -9999 -9999 -9999 -9999 -9999 -9999 -9999 -9999 -9999 -9999 -9999 -9999 -9999 -9999 -9999 -9999 -9999 -9999 -9999 -9999 -9999 -9999 -9999 -9999 -9999 -9999 -9999 -9999 -9999 -9999 -9999 -9999 -9999 -9999 -9999 -9999 -9999 -9999
-9999 -9999 -9999 -9999 -9999 0.472315341844485 0.4311413376248831 0.4264797286064844 0.4678601816182677 0.49816632962739815 0.5001099998740998 0.4999663734263312 0.49832895818922984 0.49814790851668567 0.49594226863538626 0.49793173962339926 0.4722480472513564 -9999 -9999 -9999 -9999 0.4723998461470283 0.4984966829840803 0.49476863090643003 0.48666782919278495 0.44218402938456314 0.40945509451850404 0.8281426941657888 0.8462488203741263 0.8702196423008789 0.895891317926168 0.5140925248250868 -9999 -9999 -9999 -9999 -9999 -9999 -9999 -9999 -9999 -9999 -9999 -9999 -9999 -9999 -9999 -9999
-9999 -9999 -9999 -9999 -9999 0.46755916725363156 0.9111841304857571 0.9122974076782847 0.928826022088287 0.9385914712741158 0.9316126014513485 0.9190952652521852 0.9141921835596258 0.9084451650601169 0.8950124757498688 0.8720754380372914 0.42398708946526154 0.4612190478564383 0.49373004640177315 0.49893312438741244 0.4424746684582185 0.40931327284565344 0.875672506610413 0.8509111204429815 0.8582984955445964 0.8672927501699276 0.8446481728011168 0.8296903673862754 0.8595982043333753 0.8547943654769671 0.8883878424913554 0.4636723376763072 -9999 -9999 -9999 -9999 -9999 -9999 -9999 -9999 -9999 -9999 -9999 -9999 -9999 -9999 -9999 -9999
-9999 -9999 -9999 -9999 0.4681810317953787 0.4178642529789735 0.8974295182141867 0.9088078237432222 0.9103956847914406 0.9072570104018287 0.8900348800870495 0.8550529577387914 0.8409934565191473 0.8488080059339963 0.831988577941279 0.8201439645384608 0.8343372818988267 0.7712024669727632 0.8010948516385905 0.8287060629355022 0.8348408745691968 0.8373856660250303 0.846534199116752 0.8247797969354829 0.8296800998911811 0.8497021731971851 0.8400654061598943 0.8592112339827536 0.8691514303946911 0.8495655723823758 0.8646961203631354 0.43936641570991586 0.46890007843810766 -9999 -9999 -9999 -9999 -9999 -9999 -9999 -9999 -9999 -9999 -9999 -9999 -9999 -9999 -9999
-9999 -9999 0.4681058258815876 0.45498588428596765 0.44638142394188507 0.9129895875395279 0.9095607655424824 0.9098418972950033 0.9057932621837081 0.8939693758664548 0.8786846759292718 0.8587962229152097 0.8529448877812624 0.8600668286460462 0.8739365137956641 0.839429337552493 0.8287025977954225 0.8194284919664627 0.8264225676997135 0.8742864764548572 0.8469865738641854 0.8506915533515861 0.8050594105890393 0.7888046469059773 0.8175614546808959 0.8262653441335994 0.8327991181920279 0.8227509850692819 0.8219685157314289 0.8596219532655026 0.849556660251135 0.8792801418489457 0.5214143840823955 -9999 -9999 -9999 -9999 -9999 -9999 -9999 -9999 -9999 -9999 -9999 -9999 -9999 -9999 -9999
0.490387894526166 0.4613111462386226 0.45650376805123755 0.9337912788275711 0.9236221153660576 0.9047839214798585 0.8826376489784175 0.9206536091176978 0.912205114189993 0.8977828273275651 0.8646917238517451 0.8702232801172106 0.8875351329881956 0.8552231413373442 0.8203681534267733 0.8333227342842802 0.8551802306029131 0.8437367346316003 0.8371751995964788 0.878043067297105 0.8911148331149186 0.846932492874598 0.8282492761430517 0.8397876201049707 0.8240111710192334 0.8412189345216013 0.8397717584802507 0.828019582560762 0.7781351214246072 0.8227909427268972 0.8322058856352338 0.8722582468735454 0.4549867290130338 -9999 -9999 -9999 -9999 -9999 -9999 -9999 -9999 -9999 -9999 -9999 -9999 -9999 -9999 -9999
0.8996227735553317 0.8815291334276364 0.9326417976375424 0.9272278849426687 0.903438599922989 0.9194751383994234 0.9235567073751122 0.882314580026864 0.8755639619648213 0.8968800786836787 0.9038320328143112 0.8950369410001021 0.8844766422247419 0.8500753528430203 0.8670971156593462 0.8683190186596873 0.8755116419213097 0.879587639909509 0.8711725440421519 0.8861839203628269 0.8915028476408511 0.8340329228674133 0.8204212994334202 0.8279639971240162 0.8264349858561362 0.8391103989895425 0.8428349690020491 0.8297197512999354 0.7889627506688717 0.8156209193254103 0.7874219763192145 0.8293230695240601 0.45681715558512326 0.46098749760387553 -9999 -9999 -9999 -9999 -9999 -9999 -9999 -9999 -9999 -9999 -9999 -9999 -9999 -9999
0.894591057807919 0.9331050654124404 0.9358509672289911 0.9282827012561731 0.933831292131545 0.930916452894788 0.9269785644095562 0.925040750351641 0.9258550513228878 0.9253051812210915 0.9101251432255016 0.8274694011013048 0.8589256845257441 0.885137211511822 0.8883988604470494 0.8741911400669622 0.9046399784834834 0.9012688127783948 0.8811672714597888 0.8825975043108907 0.9047960069235577 0.8650769732283284 0.8262224505460647 0.8332194751933637 0.8470764174325245 0.8535672929135262 0.8429765082114673 0.847901878724611 0.8296276370365073 0.8269787055196005 0.7919262191256174 0.797640118166928 0.8390540650708703 0.4374176293795603 0.4613420498830441 -9999 -9999 -9999 -9999 -9999 -9999 -9999 -9999 -9999 -9999 -9999 -9999 -9999
0.9442179181917333 0.9479532655093008 0.9457743999835004 0.9433062398769432 0.942920211590024 0.94151524317155 0.940404397505619 0.9355439014413047 0.9353744362693963 0.9308000103523303 0.9173431767925689 0.8995303605896932 0.8680695653510624 0.891034919146556 0.899405183547686 0.9086378095862971 0.8940835740016229 0.899365267712463 0.9032417853626015 0.8888138365116753 0.9038174744488341 0.8809194150637555 0.8409585317614059 0.8624025914067772 0.8636028842985551 0.8623869709985162 0.8602620810061182 0.8659876451125937 0.8431168270170702 0.8573720627651599 0.822073708090194 0.8120081856824324 0.8110338451052732 0.8396329726608402 0.4571725984870997 0.46623158144306265 -9999 -9999 -9999 -9999 -9999 -9999 -9999 -9999 -9999 -9999 -9999 -9999
0.9400155324272789 0.9485325684055772 0.9470681305036702 0.9482496277151311 0.9475058141623067 0.9441754326169717 0.9438269519203895 0.9422974415549223 0.9395984700824839 0.93841541394883 0.9340323479546737 0.9224165111959799 0.9080111181680744 0.8748155465348351 0.8787545547304061 0.912325305103228 0.8886263021471374 0.9072549051252057 0.9063966173438206 0.8999696669293682 0.9045324429980722 0.8936388962638425 0.8637276990268461 0.8800475153140732 0.8813789229904894 0.8814800268846145 0.8764964249657232 0.8711212467800947 0.8643970582403578 0.8684200957479165 0.8655446057698837 0.8418064860712967 0.8230041900018312 0.8375364482771261 0.861633549237265 0.41872134516001047 0.4494115690531726 0.4917906377070579 0.4677766096509696 -9999 -9999 -9999 -9999 -9999 -9999 -9999 -9999 -9999
0.9162579743478615 0.9327697232236046 0.9435023639103002 0.9448273145324178 0.9449103999746332 0.9443957546606158 0.9445399096715551 0.9425884317084525 0.9424738530559441 0.941262967004243 0.9397046870418251 0.9381443065699911 0.9291020681874137 0.9153732474175585 0.8960625534943704 0.8850064650389988 0.8766659184180142 0.9073229757978087 0.8978207960671556 0.888400529210899 0.8991165853027545 0.8996569754592292 0.8990201498228836 0.897960583016211 0.8958718438875335 0.8941005393775255 0.888686846024721 0.8841087526435851 0.8894272853380206 0.8821135234219366 0.8869495969010623 0.8855411408229078 0.879385134672625 0.8815429614489926 0.8599033910242038 0.842108440996344 0.8295774945502374 0.854354548339561 0.39207885776545987 0.44637228358410813 0.46485368647399783 -9999 -9999 -9999 -9999 -9999 -9999 -9999
0.9023087814129074 0.9150848350601346 0.9371238397000727 0.9397121945614793 0.9417292413598626 0.9431390689572637 0.9442576695211359 0.9448082810053712 0.9443403290067895 0.9443614812728706 0.9427844456405585 0.9432948995499473 0.9401574471103789 0.9350127332572018 0.9255091381454733 0.916050648388748 0.9065400860379326 0.9076758138016896 0.9085202603236292 0.9094152093095128 0.9117904368181419 0.9117444028720918 0.9123393825019317 0.9108679022845332 0.9072742866821654 0.9061246920130406 0.8937086182797838 0.9049516529050307 0.906380062724898 0.8935830601828623 0.8942481792304473 0.9005273246679656 0.8891747545902267 0.9030944226714264 0.8919212194206454 0.8839944314655693 0.8562109519287447 0.8526484849523698 0.8596579889533226 0.8772032492188928 0.40715875648369093 0.47021316638033606 -9999 -9999 -9999 -9999 -9999 -9999
0.9224279990344242 0.9324194012040065 0.9262363219794201 0.9368754409615973 0.9395909843101411 0.9408210236343444 0.9428024922477775 0.9433006235424594 0.945855408575116 0.9451910167828532 0.9460137899122781 0.9446349599065864 0.9446039230436968 0.9418985272733639 0.9407840052784218 0.9364364266527669 0.9290798500702697 0.9236462887763656 0.9203957434239546 0.918149650504103 0.9202161965864759 0.9198552438568022 0.9204493131360303 0.9171874010784014 0.9169545326413475 0.9156310615901276 0.9138492488429026 0.9156229217525996 0.9188716513342651 0.9109988022220942 0.9049865168657178 0.9067270980414726 0.8812617156009545 0.8939922803389687 0.8914210851938963 0.8886210189711572 0.8882432743565092 0.8900107378296196 0.8771977485314887 0.8951995598336461 0.8499420952420205 0.4410064495567675 0.46631461012146114 -9999 -9999 -9999 -9999 -9999
0.9316677087431581 0.9418641823168186 0.9370491862639765 0.9385207025386187 0.9401642382785145 0.9406003901862078 0.942747473683871 0.9436607554382395 0.9452193924442288 0.945342273620239 0.9465003726892309 0.9445175125052542 0.9453195106705106 0.9452477558375336 0.9444145020789909 0.9440979982546395 0.9403298774838803 0.937338671385883 0.9337091381970923 0.9315357930448017 0.9307920150229345 0.9274887132949605 0.9270828929961437 0.9246319441187573 0.924870393120822 0.9236090236556461 0.9197784813001343 0.9145551528065979 0.9256024913075518 0.9225082569061516 0.9189081145428186 0.9077355713935125 0.8944731684334386 0.8953482698949572 0.8805010400501933 0.8964391383015549 0.8852334091085452 0.897475346071871 0.8854868045473177 0.8947532769204225 0.8815889413025695 0.8791572710619135 0.43885805965861796 0.4705645009855451 -9999 -9999 -9999 -9999
0.9227347392661449 0.9335380057109065 0.9197113058289 0.9140737444997735 0.940648542146989 0.9443427020126317 0.9429008919723969 0.9421969505820302 0.944070547468202 0.944493008192886 0.9447443856992125 0.9451807113245436 0.9443881407833254 0.9456158345505421 0.9465707790655392 0.9443686078430087 0.9452158383317404 0.9434118889088785 0.9417377049399033 0.9395001836294994 0.9383414081452559 0.9366024882557016 0.9352182546964464 0.9324683584148417 0.9326838066890109 0.9306566737412092 0.9283133661069678 0.9175220479350371 0.9328541108452816 0.9262393792376771 0.9165122401793704 0.9104333279736944 0.9124447645638585 0.9132842042526674 0.9113806383900118 0.9103691419512777 0.9158249959302949 0.9087824519601169 0.904680904530364 0.9041742700457654 0.9131737178517517 0.897943174324487 0.9101856867104475 0.4471534434611737 0.4709325890588465 -9999 -9999 -9999
0.91108243493428 0.9150791074956406 0.8926165989558159 0.8604242840812635 0.9030833613016881 0.9443862739275043 0.9489056906707618 0.9403214494667758 0.9416294701211403 0.9449504738156603 0.9453237419533839 0.9464401076890961 0.9463256964357699 0.9462875346931953 0.947904129078954 0.9468806313923205 0.9461337038175114 0.947009645015802 0.9450821496895181 0.9439845966651181 0.9433293524187274 0.9419721004137542 0.940614282966832 0.9395232791303562 0.9379649856932096 0.9372263598666444 0.9347447522001816 0.929010305441359 0.9382207403004881 0.930063352094421 0.9173563615722142 0.923985032072409 0.9248437588076481 0.9262541144718172 0.9238401496764619 0.9241442560909324 0.9236868657215411 0.9224246587650307 0.9200143023650611 0.9170904272938261 0.9317018924481254 0.9286504150183883 0.9303726053056465 0.9144597595823717 0.45622393421147756 0.4724252592663168 -9999 -9999
0.8882928737572643 0.8915216603924773 0.8709882028221689 0.8513076368022914 0.8743924687910156 0.9157706360846635 0.9464694914945831 0.9504361027887402 0.9496437134340944 0.9415122961733461 0.9435410367845241 0.9458803320755703 0.9461591025703582 0.9451342139040332 0.9481207579519414 0.9485507844591049 0.9483966436855705 0.9481452926690154 0.9479118614207183 0.9463122952635794 0.9461401902623053 0.9453396900164065 0.944433580855492 0.9434048875346112 0.9422890902270032 0.9418448107904394 0.9405443835938795 0.9388880729727747 0.9389295334410538 0.9299541226499024 0.9328639098975506 0.9361177705959519 0.9353259742736679 0.9365113669275389 0.9348784811603519 0.9342738705900234 0.9346337837738549 0.933214633325617 0.9339449013813914 0.9328663198394938 0.9327197174917214 0.9273268317485277 0.9341597168427356 0.9215648890081677 0.9025891770085379 0.4492156461126534 0.4715324752812006 -9999
0.8490807524720556 0.8498631649901633 0.8516430964804227 0.8402869873120364 0.8570627858848806 0.8995641874589683 0.9324278746418447 0.9314692013160015 0.9472898547177802 0.944683113647261 0.9433732414842392 0.9479794672750838 0.9469989784802546 0.9431877697180375 0.9484185105122427 0.9485550129993513 0.9486399925034579 0.949458123841426 0.9498753407195558 0.9484690281321547 0.9486803957198431 0.947231600256157 0.9476727025335886 0.9468405035933934 0.9466776457978594 0.9452982968359845 0.9450503413914509 0.9434457336565647 0.9436088441921633 0.9430484250592674 0.9420004424150011 0.9431714232854015 0.9438885842650712 0.9425357149892131 0.9410779523827795 0.9416851121533277 0.9413145436599781 0.9407123861303923 0.9388979384818337 0.9407643647253074 0.9380744679200376 0.9349346592998973 0.933124360700546 0.9281132987580654 0.9149506610151489 0.9086516682637841 0.43462107047271725 0.47000828566723285
0.7819296268746976 0.8706810945504713 0.8434695172509789 0.8492130982836118 0.8143588159766625 0.8649813004493975 0.9051979723261844 0.928737791649258 0.9399049302397249 0.9255160056794453 0.9486618133267226 0.9507333472158505 0.9445745297393385 0.9479326586976566 0.9477626880634201 0.9476755730233419 0.9472316317496504 0.9487825557705316 0.9490944818707447 0.9497739758694513 0.950238224189502 0.9495121500588933 0.9493690462977009 0.948994683472531 0.949331574682687 0.9483348672150594 0.9475967324438809 0.9469380685447961 0.9470524897032072 0.9469571404807687 0.9470572224675159 0.9476505372049434 0.947208718237606 0.946255714152367 0.9467792241555996 0.9454000589907678 0.9468684073918243 0.9445259481065789 0.9450120043788528 0.9449241837724255 0.9433269684002262 0.941988921425005 0.940766651631333 0.9384078665870796 0.9320212007926822 0.9227019880504909 0.9027250474440434 0.4190906739648568
0.8719393754966244 0.8789741745030397 0.8870580057089426 0.884255555154012 0.8510631076843443 0.8318265103970863 0.8771932619431595 0.8920845478812026 0.9231713649512946 0.943905629128809 0.9382510218341351 0.9391044793517194 0.9424266233640554 0.9505902097556554 0.9479431264641409 0.9385790130075928 0.9455455520678884 0.9483998162009568 0.9496261432252686 0.948887241473673 0.9511639872269365 0.9508696174273887 0.9505718001751396 0.9509724969491153 0.9508537193560924 0.9502097147753562 0.9502558397030982 0.950647408837655 0.9495478548412422 0.9496737681400208 0.9505968155495444 0.9500474811469736 0.949851063990695 0.9503558726358955 0.9503308305116719 0.9501211497566016 0.9486726181462465 0.9502893164965212 0.9481388416952937 0.9494659119145693 0.9480674843814705 0.9455546980270235 0.9447953338508003 0.9435939286463776 0.93585115136901 0.9294041068963496 0.9139471936226592 0.8747900221285373
