resources/Input/skyview.2.asc
NCOLS 153
NROWS 173
XLLCORNER 628082.1585431173
YLLCORNER 5141515.270487413
CELLSIZE 30.005356186399773
NODATA_VALUE -9999
[rows 42 to 62 of 173, columns 48 to 95 of 153]
0.8840602167372029 0.8914023221443897 0.9001562733321571 0.904813212400261 0.9112482663492601 0.9134256582918091 0.9190859605146322 0.9209981888534048 0.9210167827810641 0.919338960738535 0.9141882439845977 0.9019346754029357 0.8709560041606536 0.8568466714167747 0.792587418385838 0.8033395143976787 0.871019298202937 0.9095767104376236 0.9087425045280824 0.8797321956076084 0.8913397240908636 0.9050003056801711 0.905767584468088 0.8939105669705433 0.8957592509266904 0.9125544802801976 0.9177641294087742 0.922475051916215 0.9251188912513129 0.9275242256202887 0.9287587961570739 0.9283377999980883 0.9302266490262873 0.9287159301160948 0.9264801317786662 0.9148698905052268 0.8752721564765102 0.8834568375024046 0.9221719184869916 0.9392777906038445 0.9472381963981984 0.9477723716212739 0.9403285396434881 0.9354051224215769 0.9251883819618266 0.9307683336678522 0.9400807179624802 0.9369968363061062
0.8843037201135995 0.8913954712487274 0.8992732577431543 0.9089957035308596 0.9098296848645824 0.9194002859258358 0.9198355218757678 0.9236270361770306 0.9255122600858509 0.9222112874669467 0.9205726672820892 0.9068258579465046 0.8883475508876182 0.8816574858454966 0.8619570839270096 0.8418446754750823 0.8266763920308855 0.8591638934158143 0.8700964930558368 0.9003718334760509 0.9110065343343153 0.9075057124536986 0.8983088844863772 0.8767218687146499 0.8959558464647909 0.9171842210427272 0.9198691339852982 0.9240752463683143 0.9267629740682914 0.9295038644404137 0.9302470259897532 0.9304166814562267 0.9299112643691639 0.9318217476380376 0.9289098265234345 0.9239779868378903 0.9027278220831603 0.8606454131049458 0.8880234225695183 0.9148973942139538 0.9381383416950605 0.9473757847431857 0.9486243669980938 0.9456042088074569 0.9301710010582381 0.9129143389392572 0.9181810560371853 0.9140897844086896
0.8853162500091786 0.8910779766839548 0.903244796731538 0.9090860272139172 0.9127942227750987 0.9170475763920971 0.9212488861326382 0.9260892025711471 0.9281907999454799 0.9265164889380733 0.9247634448005838 0.9263454032887206 0.918760847052232 0.9079128589140734 0.9103005519946148 0.8804585131468802 0.8726090963943025 0.8706856596050206 0.8612527489663492 0.8796444426712371 0.8834721392423315 0.8956135157130781 0.8715917460070817 0.8699354249131082 0.903622288877918 0.9163360114976118 0.9233459294625249 0.9273442193730902 0.9288724729914147 0.9301512655767038 0.9310126700659318 0.9324001734176117 0.9329827350108888 0.9321908546138324 0.9308838264473329 0.9280841991340056 0.9223313395747113 0.899404177235994 0.9017957971897927 0.8989421763006349 0.9155890041219561 0.9384595967900689 0.9450515501646074 0.9485754364193757 0.9489756184928911 0.94160860179886 0.9325714334011289 0.9225614365838816
0.8827735935071968 0.8957386023657568 0.9023820680988196 0.9086297958066369 0.9149996904232255 0.9194544358302233 0.9224795343081348 0.9244058645134557 0.9270887943581239 0.9273713118767679 0.9302454817288014 0.9241184157126145 0.9252878509102413 0.926290353218287 0.9202575334096927 0.9076114724785743 0.903303110179417 0.858923530959931 0.8888019021021704 0.8928604711406352 0.9240468392515448 0.9248493681185628 0.9174749452170774 0.9083445352930701 0.9174017329806858 0.921865506304833 0.9266492436889715 0.929291501946608 0.9306584768201178 0.9317978742322037 0.9315458236374264 0.9333206746622543 0.9326601921982443 0.9330479958620284 0.931945774636927 0.9300266738668613 0.9261391655199653 0.9188873820723574 0.8957074352373926 0.8726130356634084 0.8631520927656112 0.882807170649164 0.8576077877065474 0.9072691063801307 0.931730703237612 0.9490785841539553 0.9523456547447539 0.9526867924587759
0.881152515545299 0.890166133914116 0.9044135315959494 0.9082290805902689 0.9151843689612763 0.9228113974596677 0.9216140272493037 0.9261362277672712 0.928195055015493 0.9303652281172378 0.9275015720380131 0.9274663865994047 0.9213369492742273 0.920058967707423 0.9176867749641066 0.9241216772184215 0.92155356830363 0.8892040656775628 0.904833870477379 0.9068904996128274 0.9197921615626136 0.9316672898448839 0.9292415625045778 0.9168630437208436 0.9090513310361352 0.9241144043013019 0.9287120824932954 0.9310718740291415 0.9324711568070482 0.9324661403279645 0.9339417911759346 0.9327789107047025 0.9338102116281248 0.9336180875120439 0.9343700405343244 0.9324319608028612 0.9297375242398266 0.9256972706397841 0.9153680006290883 0.883236974906806 0.8400093937590254 0.866001667652971 0.8553450745675826 0.8799831981301796 0.8865108703365746 0.9032773155460049 0.9077576792041916 0.9292638095576836
0.8851888814725452 0.8916873718546567 0.9011571360132676 0.9096947032083313 0.9149780179697714 0.9220254899819558 0.9260829524057842 0.9249316441613077 0.9299224760401318 0.9301203510424385 0.931814367432279 0.930861203628718 0.9304657664421226 0.9277707678778147 0.923957982041456 0.9233490505118968 0.9175353415176666 0.9164811424078356 0.9248793824168225 0.9263019758696012 0.9285404674863481 0.9349793580734641 0.9336987696463982 0.9138826664825562 0.9175892978932191 0.9269073911641649 0.931916067053316 0.933437572235095 0.933658070485848 0.9334320693633258 0.935260483171527 0.9345999553441394 0.9347993038519707 0.9351936372790557 0.9343267348813884 0.9342961564418026 0.9338510985858067 0.9301733408485413 0.9253304459591649 0.9169198736513039 0.9030712637139493 0.8817483615436872 0.8929417375547212 0.898365904416286 0.8706859175376521 0.8824664354086221 0.8787431939932117 0.8837539887637804
0.8733931543340124 0.8885607750129352 0.9003317528047223 0.9096435632248299 0.9178044346661098 0.9223804473142105 0.9232509466090146 0.9294872438590747 0.9300477303077341 0.9323170631785053 0.9309041863831148 0.9334591987176215 0.9302582998271666 0.9303556152326803 0.9300028002477113 0.9310738247781782 0.9289514621526582 0.9284699650136993 0.9317846958218876 0.9310110977913741 0.9301054353080853 0.9328401308219967 0.9294922625314559 0.930944922345231 0.9323326366745002 0.9296798657576385 0.9320752660308628 0.9333173345433856 0.9345610811818001 0.9348663763270373 0.9367182847582493 0.935827803811944 0.9363471661160272 0.9363350076154362 0.9363362410167362 0.9353401931107166 0.9346982763845043 0.9340119132249827 0.9303061536705322 0.9258737126826455 0.9199747805607411 0.9057645268898935 0.8911944289952715 0.906385407606592 0.8959424256688355 0.8989819466883842 0.8948723586758474 0.8777420428260337
0.8612422491758676 0.8858757537703771 0.8969574206740145 0.9078443973578727 0.9164737549791744 0.9218742920533463 0.927557425497584 0.9257464494669765 0.9285390714434327 0.9315258810377062 0.9325428963245216 0.934922762336415 0.9335100802866256 0.9308663075516398 0.9308785671028138 0.9315767710131995 0.9297717693986698 0.9312124727190879 0.9308470335349998 0.9304895891820186 0.9297879579722813 0.9331750912008074 0.9341313543924652 0.9309563556599542 0.921086810529241 0.9283565088655392 0.9340124222019716 0.9349304923110722 0.9351600149500952 0.9363279722488457 0.9363665053125572 0.9358344130734615 0.9369780830963557 0.9375257936601807 0.9364028121287203 0.9362719692404851 0.9368342357525689 0.9338753443382602 0.9320624625102895 0.928807374954908 0.9254731960142883 0.9199933179511216 0.9041966394374368 0.8973186362164515 0.9027092072582533 0.9115615055741527 0.912394506192219 0.8918521284908503
0.8130570127033807 0.8393295231199337 0.8869531111976896 0.9045100657034649 0.9194895949662734 0.9243083543778479 0.9215202501169918 0.9284121566194072 0.9306949114195838 0.9310621942753808 0.9345990293212386 0.9335938897663568 0.9338006400435733 0.9305652943656052 0.9314876656785134 0.9302946901885181 0.9300067316342623 0.9279147210656657 0.9282879243775792 0.9290720169820749 0.9302769086034839 0.9314605324087061 0.930101431626248 0.9233831392244592 0.9183767988947437 0.9286455520210057 0.9312687403024442 0.9324360396739815 0.9349756415444944 0.9371262879698579 0.9365050312516294 0.9360087646943442 0.9367341892427782 0.9373647415274055 0.9379159282380494 0.9376954898942091 0.9381713496799108 0.9361440571313517 0.9342586701283463 0.9319567777311946 0.9315297351680963 0.9277500080393043 0.9200611244374765 0.9149356297307707 0.880741992297807 0.8860280303615742 0.9041191962949774 0.8680787130210956
0.8680215498458961 0.8132131075264813 0.8750808467230902 0.9086003986034894 0.9123114649080911 0.9195396671209439 0.9267142704313264 0.9296915266783783 0.9302560944562211 0.931418052106878 0.9299770101796035 0.9299492288397866 0.9276491615030996 0.9297838729535741 0.9287515126875103 0.9263182655399912 0.9209792915894353 0.912188937412935 0.9177436969149975 0.9197737646665961 0.9144506391370663 0.9168308538934157 0.9261778355293515 0.9238117542472756 0.92473181727662 0.9219920804625604 0.9163191440727844 0.9228179361223477 0.9333218661165336 0.9360631381746982 0.9366732911966947 0.9362367310419759 0.9368381987342556 0.937759027383101 0.9372524241613654 0.936862876444539 0.937476660389192 0.9381859578665102 0.9369631105978065 0.9349318420508974 0.9318779299373785 0.9313121821777488 0.9266557655116855 0.9239074148119354 0.9163098821101775 0.9115935242159215 0.8981304916358633 0.8869567033229285
0.9199747054904842 0.8471940585069797 0.8356520791620626 0.8899156365279253 0.9162968410760406 0.9259263754785734 0.9267734648382369 0.9281810464900162 0.929630698232647 0.9303195453806831 0.9311297958992032 0.9255190621512711 0.9136627742461062 0.910458005324578 0.8943147534414053 0.9000134362127565 0.8755820740531383 0.8892865341943507 0.9033290036033819 0.9064724269623188 0.9116819634383626 0.9141066830698551 0.9118839914417727 0.9056107150795252 0.9238517088233219 0.9282755289191783 0.9319261166288607 0.9333990168174067 0.9187788709922564 0.9327398674909914 0.9355860145565496 0.9351703470194799 0.9359514256113377 0.9364618029021771 0.9376451762094083 0.9371994581464455 0.9370578258535022 0.9374836320917267 0.9361512911569195 0.936108817522978 0.9357125331842534 0.934486890083868 0.930718107055572 0.9286687935686384 0.9250081617091972 0.9223273294897519 0.9187158948751458 0.9140566060112266
0.9371314237721503 0.9245402324898355 0.8861687324777016 0.8786883595799004 0.9172876408348324 0.9184160081084746 0.9232964570114254 0.9255887618163932 0.9239548667023298 0.9238873018740573 0.9202269656079289 0.9171173093823067 0.912176935728249 0.916145077885224 0.9148484575014936 0.9227295754185139 0.9281270095818034 0.9321394376301608 0.928763588390217 0.9239778077812053 0.9218309311532342 0.9183222229757004 0.9206694209402122 0.9160055605542853 0.8847481427380175 0.9208745548132593 0.9293808713683775 0.9308040331549886 0.9164494025496192 0.9295586977327118 0.9338770376072559 0.9352106093627928 0.9360833363632465 0.9366821362998503 0.936960027100198 0.9373667170437407 0.9376403395366325 0.936606584321367 0.937602796246668 0.9365700625446879 0.9359890985226271 0.9352030440296419 0.9334212954510459 0.9315743334022814 0.9273717894193503 0.9258670001650162 0.925024522400414 0.9218927712694716
0.8222083138389318 0.9036408279865482 0.9070299669943634 0.8987287063728804 0.8968994084280302 0.9086021199375701 0.915192797447806 0.9196488370231153 0.9166303852565211 0.9282478449582505 0.9377888786692713 0.9394666370213869 0.9415058461563448 0.9436425869519333 0.9450022644281462 0.9463944592043179 0.9440773453158556 0.9453365307498872 0.9481707087367051 0.9477720554801187 0.9473003440432306 0.9428900944042433 0.9183020455902434 0.9090411247433645 0.9020648491553833 0.9006185036738604 0.8972321320296993 0.9101938006730235 0.8984717055366469 0.9260228059881966 0.9306687214529675 0.9316785032341494 0.9354972579422149 0.9357386308934236 0.9361101668952471 0.9373319884085921 0.937580168109373 0.9367246739075308 0.9373561869456585 0.937933368044735 0.9371903434641325 0.9342794084991278 0.9337184256392078 0.9313501031538233 0.9318588333187345 0.928071816156267 0.9274565898976864 0.9255325196838528
0.8169146075300281 0.8371760623220926 0.9008296744919655 0.9521367970589484 0.9270498707657049 0.8739143601686102 0.8680462902561051 0.9028139696302656 0.9066023123412728 0.9048207229245742 0.9234514035640109 0.9228167282195067 0.9303003760137403 0.9323883617007996 0.9360930919823759 0.9342928859267103 0.9372658316948639 0.9385156280515986 0.943730271319441 0.9451333056699376 0.9442263918118307 0.9435570692230111 0.9370739890496196 0.9278722067587991 0.9113217462814588 0.9033078624494179 0.9125936543964798 0.9027735108583032 0.9016853466705037 0.9012084465613558 0.9118514538657978 0.9271187924022016 0.9314460175539658 0.9335896466313182 0.9349859418172486 0.9352818860634438 0.9339759680943375 0.9255513795454128 0.9218553134790136 0.924109926586795 0.9328940785129182 0.9338165210333079 0.9336198206725003 0.932767643322198 0.9307199729277672 0.9297461340680819 0.9281956374207473 0.9257504568226755
0.7063210246206253 0.7248520377357739 0.8098306017756662 0.8538748648009636 0.9533170561260613 0.917528528476272 0.8651768551635806 0.8634269717308025 0.8862363402403824 0.8952097550541794 0.9020449272362895 0.901067171685816 0.8945907310063832 0.8987941005404682 0.9019444340091418 0.9216440633625683 0.9239927993967281 0.937795208935871 0.9371509391591026 0.9263426388482844 0.9418024390261454 0.9388991115910519 0.9234553009865168 0.9154564155072228 0.903996192390382 0.9116086375536359 0.9225714982865866 0.9260886802261711 0.9276903055680323 0.9272722480981388 0.9149879150751574 0.9237491727277917 0.9278034638967417 0.9315347757121547 0.934919556181154 0.9363340608644166 0.938621944254891 0.9404057624848601 0.9393967077446516 0.9348880179424764 0.9351756194550097 0.9280889727916078 0.9317107665347175 0.9304865967233047 0.9293401907976153 0.9288705745299853 0.9238785115739059 0.9110822846004784
0.7604322777573491 0.760680274512805 0.7677800496189144 0.804462547300054 0.865861647517837 0.9585595830839744 0.911777166442798 0.8551815223777405 0.8623987364267839 0.88793051131622 0.903295192455787 0.9090992123847111 0.9111025589628129 0.9134202762668292 0.9248926794443674 0.9263748542450347 0.9346241701710477 0.9384964937194562 0.9402400800355089 0.9412247667585953 0.930003226226025 0.9057984953419392 0.8992724619887016 0.8741256735034175 0.8987894417952758 0.9135581962233893 0.9241731355937459 0.9271982833641909 0.9273277272776518 0.8981406861795768 0.8993911013940621 0.9159551670510115 0.9221253631177481 0.9290698167021333 0.9350247881540057 0.9375768521008083 0.9397449644981599 0.9400976900454664 0.9344020204831966 0.9356543083875506 0.9351661199802571 0.9234391813500846 0.9225303094745448 0.9286012055319436 0.9262359710517236 0.9304766931262539 0.928211050604506 0.9217670176691835
0.7931811316533666 0.7902122559205065 0.8196888061102002 0.8271266333271453 0.8072469125576219 0.8491611149161502 0.9608062092186568 0.9067776628584028 0.8645277616762498 0.8678312340790312 0.8863396563195776 0.8874487805587598 0.8986450545956837 0.9124799064961525 0.91817004687302 0.9275055963047645 0.9299863680561488 0.9355357055826602 0.942158298580671 0.9450143009682148 0.9466568201728311 0.9377775095007417 0.9232523095976963 0.8941447816414386 0.8843386826276507 0.9076298492773041 0.9148650941965827 0.9208119269633745 0.9185365914897259 0.9167744945979378 0.9102929501996794 0.9059684371057035 0.9070326682289287 0.9169428895221028 0.9207709039483026 0.9269692334187318 0.9321763645530574 0.9319145513791247 0.929795052706129 0.9316046852761705 0.9331393610169305 0.932979607419651 0.9273507593233191 0.9282728287247705 0.9292495492174988 0.9314671123500481 0.9249529852764109 0.9086859255492636
0.7805690327997503 0.8083275357091385 0.8048371279316563 0.784936893920554 0.8305039350203822 0.790355216966309 0.8535704045091934 0.9410581199336167 0.8776059771298013 0.8597020209694679 0.8708004817128806 0.8691590482301619 0.8806136913432935 0.9065109897883696 0.9107617094886007 0.9216785868178287 0.9227501188145166 0.9242405224448451 0.9219321919216554 0.9407139583397611 0.9446004826986412 0.948226451293297 0.9470124394052106 0.9338457343147665 0.9126427045423676 0.8986355921495118 0.9111129676782533 0.9072975497023618 0.9050709708690395 0.9235472295937329 0.9231941673519874 0.9167002244695409 0.9165255027553432 0.9093175359290728 0.9081893447532371 0.9085934190950182 0.9159275494552174 0.9202425863898365 0.9103244898740861 0.9064456329277024 0.8803884698275882 0.9161336579938274 0.9112481025872257 0.9212352155088789 0.9234838229821584 0.9302494071410226 0.9241982518383272 0.9067021201792587
0.7769929820005039 0.7831387492247844 0.7895763123667813 0.7965601657891294 0.7784096060498981 0.754139139807646 0.7700978231824543 0.9183927806516604 0.9165699082347024 0.8504805350069394 0.8728842408598431 0.8684464354001594 0.8684074644975431 0.8951349570899721 0.9065003835989411 0.9147691145567406 0.9149382890968293 0.9275137535098515 0.9269466243363034 0.9287871898628977 0.941136298642964 0.9430483015446085 0.9466095230328632 0.94983201572304 0.9488167615593573 0.9413691698529879 0.9284156175243425 0.9173289775173852 0.9196765378448525 0.9174666062922316 0.9319912211139698 0.907013267903919 0.9170368340186645 0.9254925532611017 0.9284604435414258 0.928161167068825 0.9336306577591101 0.9366892852634497 0.9339079105539966 0.919165155452177 0.8980531981922945 0.897729259364609 0.880602698345485 0.8989310333979211 0.8926681119563157 0.9089001430759241 0.9154638307916667 0.9077858845895351
0.8072077923831413 0.8029823870046794 0.7897788332974819 0.7613381964192816 0.8099847785235578 0.7658800892737954 0.7509115688242534 0.8419404474870141 0.9674190509907074 0.8685441529605792 0.8706181680607172 0.8406847518179109 0.8627399918385498 0.884405718453275 0.9014195694553037 0.902467171408591 0.9173207081284722 0.9163815544956944 0.9217460677487823 0.932942454272978 0.9370078942796913 0.9372269032164044 0.93673006400743 0.9450649548601416 0.9484030279680851 0.9506081585484696 0.951357933976535 0.9496214026913584 0.9438128813209479 0.9245820830978683 0.9333114873287548 0.9408219934458456 0.9412387059295474 0.9388648406125158 0.9314469614398165 0.9247807424234097 0.9323844315273198 0.93684222614053 0.9412351882531725 0.9401562971545433 0.9273509877610294 0.9142758495540132 0.8985266527252413 0.9031940658015366 0.8984438116880771 0.8469913078710035 0.8522406677143546 0.8374238292240579
0.8011585743328075 0.7911720357294156 0.7687825832192416 0.7752905718044165 0.7730740340425568 0.7680459536886719 0.7831152031354629 0.8658579123334584 0.9391483753448232 0.9689551886462512 0.9284247269647936 0.8383392016787974 0.8073990771004211 0.8800399210007506 0.8883856854633261 0.8983731279296675 0.9030065195351842 0.9117253430105704 0.9248372856181929 0.9286146458289881 0.9350295199426663 0.9356548444163216 0.9363696296543749 0.9412004103934277 0.9329780800778056 0.9149289185051339 0.9314363730248343 0.9346293796194235 0.9505502790496932 0.9506843289253053 0.9442895858032909 0.9469719752343715 0.9473830349200699 0.9486568292670216 0.9446390937773687 0.9437512229673333 0.9384900482968539 0.9358904586764598 0.9361720909584721 0.9368122568182486 0.934009919382462 0.9258976902639355 0.9100183053391263 0.9093504078074471 0.9061338606507346 0.8891165837827318 0.8790417823452594 0.8698938333108165
