resources/Input/skyview.2.asc
NCOLS 153
NROWS 173
XLLCORNER 628082.1585431173
YLLCORNER 5141515.270487413
CELLSIZE 30.005356186399773
NODATA_VALUE -9999
[rows 63 to 83 of 173, columns 48 to 95 of 153]
0.8089202255467223 0.8003192259780424 0.7675039166196922 0.7435849652284898 0.6936731825313661 0.7795107085083449 0.8353873273189121 0.9014451455169948 0.8970977916149795 0.9051771557890239 0.9352695467430626 0.928269118900392 0.887359522557521 0.8404666168537432 0.8608408501476967 0.8748181568585509 0.8965584775265059 0.9014213357823407 0.9165860148105464 0.9185792443780744 0.9319133306839151 0.9287787205203253 0.9362547687345815 0.9316292176961056 0.9185186125318591 0.9196641803644603 0.9278339546578954 0.9328666323618465 0.9371664921685376 0.9281461270777551 0.9417862240129797 0.9459587536808416 0.9479413880927441 0.9491201217886512 0.9469819582702376 0.9476240730303159 0.9375738988792942 0.9164279380114826 0.915552301731428 0.9301431972793954 0.9294494736241937 0.9210846044383677 0.9193600683772555 0.9031537755918423 0.8871353875635993 0.8694664557018779 0.84586449981729 0.8367398291825713
0.8091832303488092 0.7919709353598646 0.7728378600244636 0.7551473714085498 0.7410144514215713 0.7820317114552068 0.757300626153554 0.8025476292672358 0.8270627130746292 0.8679510800800241 0.9070254631230503 0.9326346962874362 0.9471766450329233 0.886263490433239 0.8351813108730274 0.8717616257215067 0.8780853653067452 0.9082213691546513 0.9161605440826651 0.9215545340775884 0.9175858340148227 0.918947672737593 0.9290490087394515 0.922731466353865 0.9268626920165627 0.9309997477110189 0.9308841446994129 0.9354061922403891 0.9380652589024406 0.9405911089643706 0.9465935282499353 0.9475071095768167 0.9479837060646241 0.9474692649859517 0.9476312589996894 0.9485111367571751 0.9473996221302685 0.9288538270862513 0.915186196676301 0.9144390816400281 0.9156786065100037 0.9096441213610221 0.8816690345517888 0.8580083380322965 0.8374267551092428 0.843882710714929 0.8404089427934217 0.8380564415885748
0.806774454734096 0.7859947842170928 0.7699527028454439 0.7680298114127581 0.6864404178535254 0.8215576103462414 0.755322996793295 0.7272378223837417 0.7498433668182384 0.7915546983593496 0.8875660937304252 0.8878328560566532 0.8343562085346021 0.9510063154975766 0.8780542618354413 0.8288974032945418 0.8717020465737113 0.8750678880527425 0.9003830990781221 0.8944430465997903 0.9080392687971163 0.9196507293681828 0.9227290211081977 0.925726437536265 0.9261604475962593 0.9239810330515477 0.9295565163624132 0.9387480562221656 0.9418895104568183 0.9436441150090139 0.9448839371199318 0.9448912478873303 0.945416582300571 0.9471647972725876 0.9491671471603126 0.9473834101566515 0.9486452085820593 0.9483952776887832 0.9415808778394829 0.925895904785528 0.9034719248411247 0.8653816857116486 0.8139857346050743 0.8119151118343487 0.7676710413422936 0.7812652833648009 0.7903450970769479 0.7561228526019553
0.8097860014873207 0.7922633069467733 0.7729701846902921 0.7743767294086962 0.7508562238163041 0.838573627270238 0.7697051842771998 0.754178454038293 0.6951054085885779 0.6822227707674547 0.8083830118360165 0.8537993176546382 0.8098878468210903 0.7704292383879408 0.9628890995513604 0.8562107732165343 0.8568309232805171 0.8899452387404897 0.8669113570911462 0.8956521452943604 0.908677586653325 0.9158632511799394 0.9176512782865137 0.9154423397866897 0.922491624946561 0.930745217438361 0.9355510887410169 0.9385201542449484 0.940904824132488 0.9418953689446382 0.9447335401660436 0.9451099493830867 0.9460974013357619 0.9468517837811876 0.9468084647326033 0.9399879746783217 0.9452955099022992 0.9437745289966867 0.9372671024735053 0.9288483615615732 0.9165082244087281 0.8907261541036571 0.8918828099610414 0.8517808326511672 0.7918065758710386 0.7893635905946494 0.8110811892731138 0.8087053020570468
0.8112832005455313 0.7908411458382046 0.802917517869725 0.7461250046399007 0.7567060563252653 0.861575502216897 0.7789721755919283 0.7871170624715114 0.7730075991801125 0.6774410110450912 0.710575736176005 0.823376520532772 0.8346859053172585 0.7693496778839275 0.8482032185120457 0.9443908895405764 0.8101673757005435 0.8235743706818174 0.8765308301189159 0.8845876413738858 0.9037616098510958 0.9131256757560848 0.9190536979933012 0.9231039266945612 0.9311263373668234 0.9323938405776655 0.9356003291807519 0.9359276545881863 0.9379835243038328 0.9392864852197048 0.9420597274736404 0.9447905474254571 0.9460220180770895 0.9455928246305446 0.9452172340421992 0.9475939562091035 0.9425380328986929 0.9481088252235643 0.9508157099088663 0.9458110471821186 0.9425559925444491 0.934374662768836 0.9216182857038496 0.9290505495688528 0.9331505674197448 0.901026743599228 0.8653636718835903 0.8795072435298248
0.7876563630545902 0.7702296674693433 0.7608878289332245 0.7009778703233921 0.7985347169579536 0.8660357575989911 0.7898551358051508 0.7950202577488233 0.7779452184628136 0.7143289625639789 0.6967332672264679 0.8038460379656466 0.8080177840426729 0.8042350327287179 0.8030693922545923 0.9425443602880181 0.839086802208858 0.7850429102295587 0.8644472179241594 0.8629414499040043 0.8768741867883567 0.9023594825665481 0.9187647563899525 0.9160030320938263 0.921221410892706 0.9224985647938216 0.927134937714542 0.9313760878704784 0.9339120208649523 0.9363294780414099 0.9371359310718691 0.9383725397183507 0.9372779633935875 0.9418273874386031 0.9448907561805128 0.9435586074814871 0.9467491029709073 0.9447818543917335 0.9436810348866647 0.9478791134580851 0.9312419582044771 0.8968165006241573 0.8690759032328211 0.8391761223840957 0.9112294080403857 0.9600001151143811 0.9509388525059272 0.941418243574252
0.7973911166031389 0.8051589137327952 0.7696951910688162 0.7147058891533343 0.7645431496038546 0.8676162839432868 0.79001618559844 0.7954199208764751 0.7815951002250402 0.7314333868400729 0.7184809062818213 0.7831111055513728 0.8293152248219542 0.8339267516952502 0.8379266748329337 0.8981334500817645 0.9269381272462346 0.827693713238318 0.8428663826326876 0.8871507288877584 0.8781916420906517 0.8977238878461368 0.9002549644306354 0.9042912869959733 0.912606861142871 0.9205740788378715 0.923018696796638 0.9239455773810632 0.9143125500113191 0.9166331906391367 0.931728974660051 0.9372048619140361 0.9404341950208184 0.9408117061832656 0.9417357344435701 0.9413546901522053 0.9416554959206819 0.9412396143380108 0.9336773986910275 0.9331078113580048 0.9126088095799061 0.8754177366115061 0.8507528748766136 0.8205279072771484 0.86776993260039 0.9205097662634297 0.9410878057304627 0.9514270099526262
0.7861699520920754 0.731218760899185 0.7263798948750783 0.7817105717364207 0.8865928609303031 0.8517844320487095 0.7903322319867339 0.7989596339047992 0.7822947185606777 0.7730743512781553 0.7190855918499098 0.7999437989471445 0.8186158700552499 0.8102010318833401 0.8258888754044628 0.856695130253757 0.9670198379744909 0.8116421911997777 0.8000281006912723 0.8488452535929797 0.8599597472894317 0.874893957188564 0.8826921973080928 0.8959999381495148 0.9048412852109866 0.9089683915982486 0.9112771709323674 0.9235503347323792 0.9270893361965136 0.9293796745818188 0.9350292573314946 0.9341904627563575 0.9347595098756446 0.9384814463123837 0.9362084546395265 0.9313820767073352 0.9366715956788144 0.9363294365115833 0.9358376664450841 0.9303640722086681 0.9137743507767092 0.8999237832095702 0.8653565112552422 0.8605813265550565 0.8503453886607328 0.9038477440292123 0.9391494246371425 0.9469684958359019
0.7904996028603153 0.733863314210258 0.7109251301197115 0.7377450564739617 0.8141829073253273 0.8816386352694717 0.8100483532943769 0.8108071488377395 0.8064852815884284 0.7866229615156296 0.7558996702236699 0.740068456246885 0.7116704607457353 0.8031006028480624 0.8260376745356416 0.8297721803751066 0.9660871978798042 0.8612867485513991 0.8410275596419606 0.8353645762721057 0.8372211708260768 0.8616505860502551 0.8715809046355703 0.8664822399069608 0.8877056738185508 0.8922363847952269 0.9082821352035448 0.914949105722979 0.9169459792008903 0.9223063725312398 0.9287038134620199 0.9275593488874391 0.9275515615096055 0.9371987357659098 0.916203128524811 0.9268211545707953 0.9299641200389619 0.9290517530051542 0.9116531759766032 0.9238367451197825 0.8937179937034316 0.907582228185718 0.8952847419523952 0.8663047009480437 0.8457659305802964 0.8870126659002104 0.9134230110443917 0.9280169291398259
0.7937493765326286 0.7315869257983554 0.7246982622128374 0.7074956138641197 0.7390558970539891 0.8323277996793024 0.8435076805010717 0.8483974941823508 0.826700708738526 0.7913935007885643 0.7747859542406496 0.7368179399430697 0.7597898933591379 0.7820065961525512 0.7834608141152213 0.8418094907354942 0.9441513748516629 0.948625479877023 0.8811474050373678 0.8648283774263856 0.862678777544042 0.8678783374040923 0.8709599151839982 0.872012215152333 0.8771329176390613 0.8889392744401986 0.8921203747199654 0.8925759894540934 0.9070678404923156 0.916184739029075 0.9161716871165958 0.9143545244323914 0.9199043175370551 0.9211683705581306 0.9289499554915238 0.92187390434638 0.9208869275682506 0.9133111322801156 0.8959259138498349 0.9153803781321064 0.9164071490577244 0.9175030910034451 0.9113001851369359 0.9098080769586862 0.8769501718507753 0.8530890807418265 0.9137913205988695 0.9256559869757147
0.7825134917394094 0.7529057901656417 0.7252005751848738 0.698354119707653 0.7308795676439501 0.7632779138508541 0.8358845453465154 0.8563825845381028 0.8308182671386585 0.7999355209835265 0.7532480034798977 0.7263466235343238 0.7783321221008885 0.8738909211025883 0.9052130709202312 0.9030675662104098 0.8675658164536686 0.9564240110968774 0.9190096475325247 0.89613598517011 0.8952997598176974 0.8596480024358214 0.8348499578615355 0.8206438223160554 0.8474920611743426 0.830487875663735 0.8809076232009715 0.9000613260259301 0.9130864892425933 0.8952179405376436 0.8837918708304859 0.9084412717895691 0.9204154422486565 0.9232443957663253 0.924126275223274 0.9253924377149461 0.9301669906907376 0.9232130130996216 0.9195718714256463 0.9126654141258213 0.9155278100456885 0.9180418511680668 0.9171466317323415 0.920747869765933 0.9158833011235539 0.9159426557941402 0.8932942151810959 0.9260904556266776
0.7784170678957607 0.7710998391803044 0.7639332961120777 0.750633140708732 0.7129572976003368 0.7815199712389107 0.8032056971002624 0.8179421039782359 0.8004195412904146 0.7655618346995408 0.7705574965689472 0.7725071748925953 0.8611083486326677 0.8853711694008076 0.8321034373080781 0.8101640722035084 0.7841358021302056 0.8751476400684103 0.9672024327833448 0.9355349457730509 0.9261811720163384 0.8878589434531153 0.8361200894912025 0.8055824879235656 0.83345642598001 0.8528444321162644 0.8551031511407668 0.9007846174282222 0.9059991366847348 0.9167417123091967 0.9044837046030393 0.8980862229076868 0.9108409636506762 0.9177985683196034 0.9177479105020643 0.9089528704330482 0.90610840122046 0.9081093257124749 0.9013244227023725 0.9072026198712009 0.9147193675055889 0.9075609177183568 0.9238388656986288 0.9287427989707429 0.9265781733187876 0.9305941426820631 0.9272920459095335 0.9347942090689038
0.7922661477603042 0.788975212551526 0.7748970350745331 0.7685888942630527 0.7423862658256185 0.7789406841692958 0.7617496651650704 0.7844733152079872 0.7672875800821437 0.7542001024013739 0.8039523773482092 0.8882962876371087 0.9009385653329393 0.8377804941014431 0.8006231703867291 0.7954224700313262 0.7774119924880302 0.8248998580391025 0.9004743283617309 0.9288596317130884 0.9519218679783046 0.896612729519499 0.8807094604468272 0.8617012479218341 0.8656584898540556 0.8651902256406937 0.8562723595902155 0.8727437891740523 0.9059049693916413 0.9094094957075909 0.8950802286679735 0.8947296378972116 0.9076672157605845 0.9182159704667457 0.9219610578007559 0.9141191034356337 0.9054243221235967 0.898679978004828 0.8652545246541612 0.8393768562098192 0.8405693586538687 0.8816638276077162 0.9045991747691815 0.9201396421730699 0.9303203382824554 0.9316736823997293 0.8991492262568945 0.9468686740552942
0.8038611055273649 0.7961759003701657 0.7903878718655483 0.7864834254218299 0.7767762710541123 0.7511218627063736 0.7368450659380246 0.7578940197034775 0.7196780542548046 0.7717809805670732 0.905177726729305 0.9207807572101694 0.8562493768610603 0.826031317102647 0.8039960663756538 0.806676951351176 0.7587212430897813 0.8253902964799424 0.833742154871516 0.8133253911560054 0.9077078486031148 0.9101559906571511 0.9248694319333889 0.8965822956812683 0.8273907542892979 0.8289988247773241 0.8189396002751576 0.8329024489374636 0.8606130644020487 0.8739383074748466 0.8522637876419995 0.887220270090451 0.8968438170875637 0.9012612974766246 0.9111514214756816 0.8791749131149659 0.8730248663177522 0.8881971014804384 0.8574266158595768 0.8623504736026333 0.8741959044790341 0.8523016119601469 0.8839600804237199 0.8881816677177325 0.9227107996541178 0.9309508172066929 0.8876526275458159 0.9505418911756928
0.7983081492567943 0.7996441534667756 0.7931636886828456 0.7762657116682942 0.7666082917525163 0.7124056409151631 0.7504087179138593 0.7619673332929253 0.7628700467770472 0.8600145374139797 0.9212757406480983 0.8622063983783258 0.8091594740034971 0.8146647163377758 0.7934822106851763 0.7831366666345135 0.7855839410143929 0.8430049536979256 0.7460608973165673 0.7121024329512752 0.7561965584520527 0.9174311252432075 0.966792878484336 0.9349166434347566 0.8648117999926738 0.8543499268566193 0.8247656413240227 0.7784051322302867 0.8190619431460654 0.8453139345592364 0.8706826089325738 0.8723645710918153 0.883229165110351 0.892148842601643 0.9141665846908197 0.9035815232050062 0.8636611358833824 0.8522457044999926 0.8859918368474271 0.8793656429862433 0.8936587352619266 0.850086429543903 0.8654919264850647 0.9101788718602449 0.9176850937866926 0.9158216098929983 0.9305613618748615 0.9359271498187459
0.8150845725023181 0.804356652246011 0.8016386577342708 0.7968691119442158 0.7779531631291732 0.7529052188664627 0.6976940424316813 0.7581393650273285 0.7971164647519615 0.8731372116779629 0.8712738335312623 0.8507777112052904 0.8122956387036839 0.8288164468249054 0.8089840198902604 0.785672608355685 0.8012963050669338 0.7853226013929285 0.6991399319543823 0.760968408385195 0.8783357207596426 0.9139552648313265 0.9352820530572171 0.951498076225327 0.9308395864919995 0.9143001527919465 0.885170489028282 0.8492792349190919 0.8595489036329889 0.8528404231250312 0.8433439160219165 0.8413944694057996 0.8911778728418327 0.9161505274548609 0.9308783593638776 0.9262960766017763 0.8984284498720079 0.8826728236491073 0.8862298192741874 0.8790621788821374 0.8899355139465801 0.8903497492010262 0.8836361945476437 0.9089819629797103 0.9140871127038573 0.8979243458739821 0.9215037979019617 0.8311607904510171
0.8278183782617292 0.8108108730107313 0.8134209553038224 0.802279322629601 0.7852490248942782 0.7768528464094568 0.68874836378413 0.6816997114390616 0.8237149178472709 0.8525340733819302 0.8449982047899355 0.8689689070135854 0.8057963246305636 0.8406440459033877 0.8326037057323333 0.7798085291938657 0.7650534868336237 0.7467037127212917 0.7222311205941284 0.7378117802903266 0.8243236846972279 0.7000613767765795 0.8619961787481725 0.9677546850344939 0.9367413230745847 0.8805240384470181 0.8472636363204957 0.8558803065496412 0.842437228804678 0.8665646678667464 0.889769368897109 0.8986523367253976 0.91269962523605 0.9152904786908506 0.914726298725135 0.9354809948457911 0.9245532877669151 0.9145995019080323 0.9193094935695673 0.9223078937122342 0.8997318424481979 0.8532573132196659 0.9079451385339246 0.940946267651439 0.9244794666780023 0.9019432840240826 0.9055343915400876 0.8572338492199844
0.8311243650015795 0.8277911343321952 0.8290962605835782 0.8185695064378348 0.8174777184838629 0.8142723134482438 0.7385519879182951 0.8060587316364655 0.9023323850516334 0.8130990867846154 0.8174165402449102 0.8776633750364607 0.818230570842934 0.85114461284127 0.825782044459595 0.8084093157496798 0.8112533079994441 0.7832804629077051 0.7765652232383123 0.7425335394356735 0.7502168529624748 0.7214269584663975 0.8238316304844056 0.933303899115519 0.9371976173320642 0.8549293822857087 0.863461986864051 0.8731867018329832 0.8540965932573914 0.8553942198622166 0.8693784047002375 0.8952676318679829 0.893308426854039 0.898158204719154 0.9160454985394212 0.927578558016161 0.9423736741428163 0.953167535282374 0.9574112898845265 0.9207799465149101 0.8768819141323368 0.8819200401973472 0.919479525370769 0.9166122035338087 0.8764570460857063 0.8493265099717094 0.869314683517115 0.8593635817715485
0.8332147173159495 0.8288520818431504 0.8529665684320306 0.8289964043859953 0.8460255302204949 0.8436993547302755 0.7437939320643374 0.8074186508290532 0.8292893735173629 0.8016440850023172 0.8091716480729334 0.8845134600992702 0.8306481260972034 0.8491646353396727 0.8296028062130713 0.8185508042724715 0.8074643985219689 0.7666782236640518 0.7505007295093342 0.7635570465173407 0.7380227308804677 0.7960012895633628 0.7754737067489602 0.8465212551849315 0.9527718889819261 0.9280009868273262 0.8745909913316671 0.8795950218586084 0.8819148355116666 0.8582113097243852 0.8615968498598314 0.850574242358459 0.8669375181741844 0.8874158645882393 0.9148685078514536 0.9454080768040484 0.9419125314547371 0.9108498630339983 0.8528327732073124 0.8067686630101297 0.7870586466437501 0.8050656739936085 0.8619482128808376 0.8451299621350424 0.8304965745521533 0.8353909803210287 0.8830673088657882 0.8695451621029706
0.849638122208103 0.8382188665532747 0.8506210503404826 0.8294960331157791 0.8259409914732656 0.8217265703683336 0.7729880475624842 0.7807699870895537 0.8067996815970082 0.7475323311290553 0.832561143488578 0.8567794817185229 0.8074247751472499 0.8216466262094709 0.8240382214807807 0.8208066104939898 0.7930026724138365 0.7931705924826837 0.7880775476802985 0.7944981132333552 0.7783723451186042 0.7309935625328529 0.7237385422056666 0.7595985280837908 0.7130700280485639 0.9453869669179975 0.9312294008217693 0.8896473157089568 0.8744429514734468 0.8844528822334756 0.8752060180052883 0.8863918196469459 0.9098206890942603 0.9405175593733089 0.9292330936867861 0.8895007930201108 0.8442979406256446 0.8346922144365522 0.8170155695603216 0.7991400800311979 0.7711676492915585 0.7781434563770558 0.8409713762990575 0.814977437228307 0.8183667169573668 0.8560433078128976 0.889008616555684 0.8579418098048522
0.8590737498030655 0.8393316536676022 0.8178123492798901 0.7843585100118012 0.7830124411819661 0.7787099678533941 0.7070666809400139 0.8014873911222921 0.7994553630649338 0.7597494225008602 0.8311730917320823 0.8088665838758986 0.744238977397074 0.7998480728880772 0.817852662683515 0.799774950192528 0.806372204174715 0.8057130323271295 0.7795789714933462 0.7697586362721114 0.7613061415608833 0.7767393792812713 0.7320210125829313 0.7324431510331649 0.847814016197771 0.9282823059758765 0.9697385875911888 0.9179709949076116 0.9018364375082426 0.9168543529420486 0.9169252308249914 0.8917802338448878 0.8652091448871356 0.8480140131310742 0.8030348406160791 0.7587482381914591 0.7672566328285324 0.7712948482661969 0.7841272936238266 0.7954160195256417 0.7740584403231515 0.7760156506978381 0.8058752611082948 0.7917880787860234 0.8250096329060359 0.8520171133345645 0.8538735358853472 0.8520522567898989
