resources/Input/skyview.2.asc
NCOLS 153
NROWS 173
XLLCORNER 628082.1585431173
YLLCORNER 5141515.270487413
CELLSIZE 30.005356186399773
NODATA_VALUE -9999
[rows 84 to 104 of 173, columns 96 to 143 of 153]
0.8418127987090077 0.8766289140310556 0.8972045346222901 0.877614706448541 0.8902171656572269 0.8884631726297816 0.8800153114665172 0.8955424533918614 0.9045695840069239 0.8918950627556329 0.8743952551963882 0.8692411694932909 0.8807596599593154 0.8342199248889393 0.7848618723907345 0.8326543571580496 0.8339767297309488 0.834787301446186 0.838328906390578 0.8317162954043997 0.8177495551352771 0.7980833991258046 0.7961987851542693 0.7943291140962943 0.7809728065948544 0.7771833744681022 0.771061717612202 0.7714213940461807 0.7643464541873269 0.7552569555924741 0.7488695319953013 0.7385955447393998 0.718930640903803 0.6793773261864996 0.6729001262874117 0.689545133394759 0.7189441462889901 0.7084249354660337 0.7555164444595617 0.8537516965237877 0.5249125799876819 -9999 -9999 -9999 -9999 -9999 -9999 -9999
0.7834855288313468 0.8266615522282244 0.8491674548252197 0.9007554030915679 0.9012995052219532 0.9032884908566302 0.9008801192770897 0.8916565353838354 0.8879178271341663 0.8857924026457826 0.8791151282962949 0.8758430686444413 0.8854882150877742 0.8404215521491991 0.7987982573570656 0.837261568776862 0.8391270938131714 0.8427606282925597 0.8439607113601935 0.8348347714646063 0.8276268909748222 0.808693578851378 0.8015611729842123 0.7969851233950804 0.7881260549983875 0.7840655129049506 0.7794560621803676 0.777502559224967 0.7711102476255505 0.7614380643908849 0.7484821094003957 0.7410614392020954 0.7221527648371658 0.6753497201058225 0.704073888979709 0.7451194302211783 0.7838376937925513 0.7406776458879382 0.7528603155303851 0.8228701045937024 0.45062614953252733 -9999 -9999 -9999 -9999 -9999 -9999 -9999
0.8249652573456302 0.8185850942688244 0.8364479639071047 0.8899081933163188 0.9156454399682206 0.9162851018042077 0.9154328913117141 0.9083184430385358 0.8921396348112041 0.875371196820401 0.8452368911433977 0.8379230791144421 0.8614714816501385 0.8395945446313037 0.8204246616980305 0.8367684348336348 0.8420210236143123 0.8471730247793158 0.8507102642080808 0.8427729976955585 0.8314209648109778 0.8204310395066842 0.8084986506484235 0.8023984754995823 0.7977882117399879 0.7898753038205462 0.7883742366943551 0.7851589484444075 0.7745815003599268 0.7630627923715715 0.7557136393035792 0.7525663305606801 0.7381345967339203 0.7188983239954048 0.6449944772788355 0.7513502434714467 0.7853477431328586 0.7184536090034613 0.7556076450281833 0.8252077408092808 0.39575214886128207 0.4722646804351052 -9999 -9999 -9999 -9999 -9999 -9999
0.843921465935919 0.848517210330137 0.8361683421824917 0.8347901810591309 0.8975463828838548 0.9189427659889211 0.9223355616261527 0.9221128310999824 0.917961660037445 0.9037880099892228 0.8788320977671358 0.8562612978067986 0.8425822245086135 0.8431797415589626 0.8213390435073656 0.8422447799320797 0.8450000772837934 0.8500694139424537 0.852690481237841 0.8427634502956582 0.8381746713512684 0.8237109522549043 0.8141191965885562 0.8114157917182839 0.8050880502681167 0.7990175267682833 0.7949597521584719 0.7932940931365065 0.7828343560924411 0.7751132803484564 0.7685786971258889 0.7662528581731287 0.7620863541358525 0.7549004193863325 0.7084705742523474 0.7634550168253145 0.7186511734610833 0.7104383636181897 0.7682644521169224 0.8119072118202932 0.8480695202909232 0.5278370235449064 -9999 -9999 -9999 -9999 -9999 -9999
0.8578316593887415 0.8703196292356242 0.8833709596532036 0.881281940603333 0.8844652647317784 0.9118588189073796 0.920553381366737 0.9251485986820324 0.9266682900748295 0.9274863519337574 0.9043181944025296 0.8706747629078266 0.8542581442855415 0.8376087718098016 0.8318781343877082 0.8436271567890848 0.8492310079825085 0.853841722591522 0.8514580678189536 0.8449752410408781 0.8345243263747681 0.8237271932569152 0.8159602283806662 0.8166682501992826 0.8085398720223285 0.8024531168869726 0.8022537784400349 0.7958587969805998 0.7860496006890321 0.7811545808389627 0.7748626292545812 0.774093263820062 0.7629261127682445 0.7584341791611938 0.725346371300538 0.7223162523823586 0.6797308383205306 0.6868724533803976 0.7771476291087839 0.8418109453116902 0.8655223226288286 0.5264567571984958 -9999 -9999 -9999 -9999 -9999 -9999
0.8705402653915489 0.8790891662454675 0.8709489743299931 0.8657647788277231 0.870062714258337 0.8781092296805708 0.8882918241135724 0.9037107454790042 0.9169613590295093 0.9259533088957669 0.9143890075856722 0.8968518536584952 0.8515734631356358 0.8277994973301108 0.806642849324018 0.8361410726497162 0.8474616093336886 0.8531567086423614 0.8539392598633796 0.8474977971481684 0.8426745075569354 0.8313441375772537 0.8168880270041504 0.8154185557864224 0.8108037122343587 0.806378459516799 0.8036041694681422 0.797692565659421 0.7859274290619731 0.7805731967310358 0.7779029194815408 0.7770422509025907 0.7591928201305674 0.7523387327779977 0.7297724961190177 0.7255620521803207 0.6647471113190461 0.7314389428091035 0.8178551505790599 0.8141581253751716 0.8234165511771312 0.5264145050472243 -9999 -9999 -9999 -9999 -9999 -9999
0.873666090061278 0.8735471819765672 0.8559974125583659 0.8444371038267544 0.8331567465491271 0.8108153463155409 0.8414115995773496 0.8338358473209428 0.8625225572681219 0.8801502213264628 0.9029260520438293 0.9199743687427278 0.9025087982211945 0.8619158392285245 0.8241787744203652 0.8524187167580688 0.8347008377955081 0.8436015220628599 0.8531047602587425 0.8506503655649451 0.8420890034347048 0.8336277222069498 0.8231074533292694 0.8147361223290535 0.8123408523326966 0.804555711935163 0.7980481653905621 0.7969816355322534 0.7902062495922358 0.7857401314328386 0.7784639197692238 0.773272278957826 0.7519506116963988 0.770743487225278 0.7208452803482174 0.7307561239085667 0.7295233241416598 0.7827139545916083 0.8294217774086858 0.8392054024160595 0.8351707462578275 0.52638913314779 -9999 -9999 -9999 -9999 -9999 -9999
0.8566931137016683 0.8304839923313878 0.7856173058474544 0.7808701095006598 0.8110894060836182 0.8195489253647918 0.8084982969821047 0.7751960507640325 0.7865260662232639 0.7877809864119247 0.8348682418889348 0.899019808130641 0.9234030067086801 0.8880403143016384 0.8605636780661987 0.8716664070221095 0.8670585283638392 0.8599285771285008 0.8418274711024174 0.8514323184143072 0.8472523068687497 0.8397182664678513 0.8300640307157507 0.8206393015936295 0.8114403020088542 0.8095751630170773 0.8141657098232636 0.8089825879574428 0.7980055779544352 0.7914998985325401 0.7775556019060946 0.7585457065431723 0.7144844897341698 0.6917825575530894 0.7246431355447411 0.7033191053253997 0.7699187970201485 0.7010705536771416 0.8301297009668253 0.8426926340742787 0.8541455713264211 0.4702472163970057 -9999 -9999 -9999 -9999 -9999 -9999
0.8638416402624385 0.8615185036953072 0.8450708222021946 0.8233393761546421 0.7765098904435973 0.7996737833618641 0.7815995683387594 0.77810196814708 0.7730220461894801 0.7478534452563653 0.7456808403944883 0.8075145146702084 0.906372972836127 0.9150542538495483 0.8925683518151247 0.8912451283009077 0.8841096044039322 0.8669190736583696 0.847808708632863 0.8548433179908812 0.8488951889969094 0.840017443140087 0.831966462016975 0.8220022463001719 0.8194673785407042 0.8201783720711634 0.8174393167630459 0.8122566669889536 0.8053469769819884 0.7967444168603114 0.7763279689120801 0.7588945901541879 0.7331258201227825 0.6881080231081442 0.6545388462638161 0.7561831936897965 0.7779460963499211 0.7708166665724189 0.810996508830854 0.8810985523488418 0.8966609047778673 0.4562018705730655 0.47042752758659073 -9999 -9999 -9999 -9999 -9999
0.8486497421891384 0.8615702303436116 0.850630198243081 0.8423448868390312 0.8515224498862282 0.8527175186695386 0.8298478266056899 0.8245898738693465 0.8240269766948208 0.8189031563015714 0.7949252562290217 0.7668395602089881 0.8409222124224635 0.8711083576192791 0.9131240082311487 0.903917969580133 0.8814124175122899 0.8593005180557999 0.8457721715540713 0.832651906457139 0.839984725493566 0.8363566964660499 0.8291925793928048 0.8244712714007933 0.8228448442356907 0.8231554917431335 0.8181204135405452 0.8148202260461518 0.8097028081677822 0.8026741483978569 0.7807978927902495 0.7611623044051841 0.7303776527524115 0.6844308167679309 0.624126618824798 0.7239141281987198 0.8574966481913915 0.8736505725489848 0.9239656743142772 0.9267554411286127 0.8797212485400988 0.8450780041617764 0.44132811144606143 0.46592318377168773 -9999 -9999 -9999 -9999
0.8611025297398879 0.8649440654543223 0.8459316174536186 0.8392369891134985 0.8500558881285124 0.8498736291914066 0.8176176493216245 0.8262113213751014 0.8409698041450636 0.8324893798252502 0.8348942650941451 0.8141852444182933 0.8120219607855979 0.8502188921923423 0.919292684740413 0.9186487234812332 0.8977819217930025 0.8745000421763721 0.8620617838449537 0.8442702473369865 0.838570687580908 0.8385345342122748 0.8337300866135343 0.8239602462389115 0.8255499133145039 0.82457929807534 0.8206048250433516 0.8156583908480244 0.8073364627052906 0.7989165323498061 0.7804837781782198 0.7594420082155154 0.7200495003185375 0.7030119232087156 0.5734226107229596 0.6953488347349293 0.8569975513130601 0.9451529448232108 0.925014496103079 0.892959054538967 0.8748915703272468 0.8698840895317395 0.892557626517796 0.5190931783642667 -9999 -9999 -9999 -9999
0.870865669574649 0.8685756591036209 0.8329995251456418 0.8372453900817531 0.8281354584257208 0.8193828562021042 0.8214417558480639 0.8274021183112703 0.8376142851237526 0.8312290263035348 0.8137409310263808 0.7856644173180156 0.8088203467581652 0.8694081405452929 0.9012670092088789 0.9180434429445236 0.9057881242168291 0.8809859892552676 0.866287115149838 0.8535817438575241 0.8291441986816748 0.8281550387238433 0.8270109634019015 0.8222757397964611 0.8254821126224426 0.8239755954370878 0.8200703229070042 0.8108940617730682 0.8086401280884228 0.7912400699500008 0.7756910015594529 0.7427193455205576 0.6991109148946469 0.7295364558516685 0.6530475705041848 0.6819783052290724 0.8421990238541669 0.9491151120001838 0.9232267995319021 0.9199373854585867 0.9115727000502998 0.8896185659448567 0.8721373836181121 0.46047371443594115 -9999 -9999 -9999 -9999
0.8284283373387039 0.7892744102389326 0.8177533292355039 0.8444093828422617 0.8446940236357441 0.842140264059537 0.8456468075712675 0.845115723862868 0.8431878266996942 0.8377967115163918 0.8198143091283484 0.811116617654271 0.8186668239741072 0.8311326896582393 0.8476246241918818 0.8887281432810792 0.883028912943714 0.8507105664546001 0.8786436056795219 0.8760991508798627 0.8375706978997358 0.824522422232895 0.8302160238674181 0.8220171196106297 0.8251643289466765 0.8251061116412386 0.8174716440783178 0.812779132377563 0.806017819171606 0.7994660411419344 0.7785900962712716 0.7646802860604198 0.7210982735714615 0.73291675042416 0.6942145668430107 0.7433822930186718 0.8462030890535863 0.9296226166596596 0.9386483265535217 0.9221953643344207 0.9050815450681866 0.8786094459744762 0.8822501142487764 0.5137030086921273 0.5267750777878991 -9999 -9999 -9999
0.7565356535271109 0.8249504634351167 0.8463144109349632 0.8564758667118684 0.8543007187729109 0.8577032887383744 0.8541654451622033 0.853389051631325 0.8498010569887569 0.8419839921837712 0.8318906083811569 0.8425273469887025 0.7999395809108577 0.7870049385285727 0.8006851075276473 0.847660399599276 0.820613290766037 0.8819676216814177 0.8988430683466254 0.8894486187602032 0.8435766317283758 0.8363102273407778 0.8350047156766298 0.8288774852324217 0.8262256221717968 0.8218341644272381 0.8119230975202963 0.8049789602205145 0.7959012637574372 0.7916217492806444 0.7875668164067019 0.7661180018917625 0.7421846375826187 0.6832355606843478 0.6486402145521689 0.7778988991283672 0.8686742406959661 0.8572372988494249 0.8499786873760151 0.9221690424483309 0.9205445322900819 0.8744376596058809 0.9013470925738817 0.4911397249899553 -9999 -9999 -9999 -9999
0.8290327944330957 0.8537973819159057 0.8640678091522483 0.8621216504020712 0.8649731626289313 0.8651496928126435 0.8630836364493368 0.8578007149245743 0.8574628694407562 0.8440994273564538 0.8226791864431208 0.8065958450219309 0.7774252073848005 0.7396986965314589 0.7350900385647939 0.816142571382694 0.8595870011138206 0.8930750509738831 0.8969377088262795 0.8885065740347884 0.8490445533919201 0.8347018968520957 0.831245693395708 0.8325680157370494 0.8252756753450239 0.8194399886696373 0.8117825477338036 0.8030459929674122 0.7908917040895388 0.7864881802660753 0.7761343129888761 0.7630938344522068 0.7410645135111159 0.6954239582479397 0.6560347640039107 0.8077467525369108 0.8905622100301958 0.8647354210905503 0.7825509608401058 0.8534610391146987 0.8967596189849452 0.9023577753387517 0.47345120420025055 0.49924197139718735 -9999 -9999 -9999 -9999
0.8550424146085533 0.8672626335263702 0.8695085232815627 0.8720121425191126 0.8732879993452105 0.8737372770310303 0.8695108446303528 0.8611004689982228 0.8549185198805886 0.8538030320702227 0.8475784875299927 0.8421631117817876 0.8387732015374 0.8197294565994291 0.802140847425259 0.8118505182463213 0.8364044420179553 0.8507339374952633 0.869310215645909 0.8536049646441304 0.8362313591288669 0.8246136274629297 0.8468906512317109 0.8295429695275152 0.8249397254816042 0.8213673814984488 0.8080031438137402 0.7971816593841512 0.7881714233880386 0.7783636136897281 0.7703479104393971 0.7568857809359607 0.7354747845909705 0.677384453677998 0.612556988318314 0.8328166498370984 0.9071332215739479 0.883542193852556 0.8235230286829499 0.7142344360232209 0.8313284790295088 0.4999209063013863 0.4998065252404872 -9999 -9999 -9999 -9999 -9999
0.8643210388060821 0.8706778355010144 0.8738604766083348 0.8762598272605324 0.8764916757572311 0.8775161903902717 0.8743796685542998 0.8684601038826976 0.8601531001018572 0.8581051982231688 0.8525013585526501 0.8511728289046909 0.8505131922957554 0.8352349224854536 0.8282543569328183 0.8106886198477596 0.7926971525883107 0.7981692300932608 0.8298757202041281 0.8195529842301138 0.7825888485177979 0.8289397769013866 0.8579315953756869 0.8234994667254987 0.8290713714875919 0.8178479361063546 0.8068437701873079 0.7934058697907209 0.7798172314602224 0.765789337646556 0.748886794551191 0.735173260187749 0.7180763737682981 0.6329076041430909 0.66264454919517 0.8558929437848494 0.9054972081061561 0.8666315289586161 0.8448493922770571 0.7328451572526278 0.7968792746196846 0.5226545544317891 -9999 -9999 -9999 -9999 -9999 -9999
0.865793073321198 0.8756031795371697 0.8796906021437615 0.8804315440672137 0.8854812595248327 0.881380576856209 0.875007264166334 0.8657500518599387 0.8610223333697755 0.8644066371055614 0.8606575289404325 0.8592696586577827 0.856796134742645 0.8480379566768641 0.8444999441629835 0.8415992645770165 0.8349609123351438 0.8171073762515795 0.8029504312738744 0.8081108461803764 0.8338998097238263 0.8478369912705465 0.8472959629980714 0.8214965640192633 0.8298089128669331 0.8171221831409399 0.8056559153422195 0.7884678513827806 0.774623207615914 0.7614889741022058 0.7499840905991694 0.7444162162465027 0.7132792503885994 0.6227884904529981 0.6635852184820437 0.8519505861575581 0.9133899164470884 0.9003532047320536 0.8740182590905508 0.7915779274369273 0.8045227876014218 0.4653418220465876 0.471986176563357 -9999 -9999 -9999 -9999 -9999
0.8475422747572636 0.8658731084072814 0.8904191834679709 0.892401704236887 0.8808733551615512 0.8827948403956586 0.8810210088848855 0.877216513809686 0.8725643471096464 0.870857614493492 0.8705038387315315 0.8681928828076418 0.864612009498689 0.8587947427057896 0.8574417377471543 0.8535095041117099 0.8437033507021403 0.8361005561276306 0.841043528248592 0.8367073826001191 0.8402105354240066 0.8434241131863696 0.8432594590702573 0.8365675588994417 0.8265966272685822 0.818817592931548 0.8052244452890953 0.7945301557409865 0.7859892275678327 0.7665612877156137 0.7598075230713753 0.7453050032236823 0.7147496287074262 0.6247321401160405 0.7034145492059652 0.8143598393907298 0.9066026459820371 0.9003440808544468 0.8930596921507573 0.8419840143515931 0.8025573859325346 0.8614731692576115 0.5256230630942141 -9999 -9999 -9999 -9999 -9999
0.8806873683460199 0.8908436524439484 0.8803218740087442 0.8740856978099641 0.8645310299708314 0.8739111667166799 0.8749961294356359 0.876688360104103 0.8759760919733316 0.8758516888832694 0.8759137804101568 0.8726086972300414 0.868333578213608 0.8643921920138925 0.8597894819686965 0.8570605315608764 0.8541918150353479 0.851766194387681 0.8495220855980923 0.8479029099857847 0.8476024276669348 0.8409646133996762 0.8405366840559613 0.8367766926515728 0.827943251371035 0.81427994261856 0.8011815873166701 0.793815591329096 0.7833415809691415 0.7406603237002872 0.7573413184658705 0.7382018426338983 0.6995120602082775 0.7129548579231092 0.6184907104566547 0.776269454368667 0.8589330777342717 0.8998365519481304 0.8930693102487212 0.8676425009811042 0.853134272701869 0.8704506302269588 0.5210652283621762 -9999 -9999 -9999 -9999 -9999
0.8801684114013606 0.896801436330738 0.8822418204417589 0.8908198859024612 0.8837434380475864 0.8326891209391294 0.8557654277546516 0.8594089615375717 0.8782654690289334 0.877785913613767 0.8772908347385693 0.873256891393467 0.871001885369163 0.8644428267489852 0.8662720415334064 0.8632900339277345 0.8609734160965011 0.8572701456163828 0.8549538748189998 0.851208880422571 0.8506447139854341 0.8453401874647218 0.8427079787759642 0.8352490871211846 0.8243899669889385 0.8139218852280279 0.798473678985999 0.7860393442455856 0.7658341481477454 0.7894839681011395 0.760705975571462 0.7438155304197821 0.7081518982257359 0.6340716418322059 0.6573103653844671 0.7811910687574789 0.8672187828875635 0.8525999633006857 0.9000573412898036 0.8986418045364286 0.9186928796499887 0.9433158654240824 0.45575694231678254 -9999 -9999 -9999 -9999 -9999
