resources/Output/ET_PT.asc
NCOLS 189
NROWS 177
XLLCORNER 690600.0
YLLCORNER 5139200.0
CELLSIZE 100.0
NODATA_VALUE -9999
[rows 133 to 151 of 177, columns 84 to 125 of 189]
0.10626500076935842 0.10642052106580172 0.10644896704866856 0.10653541340092532 0.10648893960508614 0.10627345536256096 0.10546769941027065 0.10450904732131847 0.1036284415193607 0.1029664621639591 0.10219975055385966 0.10121603945963317 0.10025615590779002 0.09948393684044218 0.09827868784166675 0.09693134620713605 0.09578278278184474 0.09433146968146011 0.09312647776626942 0.09171252408297938 0.09010180531543097 0.08872175203915686 0.086061801314025 0.08540472758818479 0.08507988071959537 0.08437512894888013 0.08468755629530958 0.08543732844364237 0.08694624558693174 0.08834872964334692 0.08985701545766085 0.09111434835151441 0.09250478215388029 0.09347821032724157 0.09389494515840359 0.09451018521614593 0.09524722480516826 0.09612692344062772 0.09736547488151338 0.09820401000537395 0.0998199097292169 0.10094849513736208
0.10585524354947567 0.10587937069910125 0.10583694297171113 0.10586968729692366 0.10603996611886199 0.10595488559108633 0.10553289108004371 0.10475621010089843 0.10381166386663 0.10287838260587617 0.10208442753411069 0.10136982484409711 0.10062489003035607 0.09969585430908004 0.09867349655573855 0.0976312198509181 0.0962560078366933 0.09471465321068832 0.09350365198917787 0.09235399092272677 0.0906035828804636 0.08938526006374846 0.08717544746638804 0.0863910476376051 0.0864920888482195 0.0865215705175827 0.0866994771323566 0.08717047394108161 0.08806328580504662 0.08948394151199598 0.09049141648768973 0.0917842703107979 0.09329587135966842 0.09414981891173788 0.09467019674713763 0.09517289865502886 0.0957849799564461 0.0965886452115566 0.0977096472449656 0.09880024920919755 0.1002099079574196 0.10140193579951008
0.10611832271571625 0.10586964644252886 0.10558354507462372 0.10541328065134287 0.10551417061544184 0.10563210447726398 0.10529815283924407 0.10470033116503308 0.10393255142622215 0.10316889295771517 0.10262151200181198 0.10189021875226141 0.10099452892392115 0.10015487135105292 0.09909243421502321 0.09810880213956184 0.09687718985957373 0.09534957468999833 0.09412494686400334 0.09290598195198069 0.0914115767200594 0.0902179491801731 0.08952623372865261 0.08867325924486825 0.08853295581382763 0.08867074671313888 0.08924430801764224 0.08943225388406777 0.08989196852192896 0.09077830418129519 0.09163392013388283 0.09275899306970736 0.09434077370800323 0.09515848511059115 0.0952479846570729 0.09533647317812909 0.09623701019948505 0.09689641955506692 0.0978784473203431 0.09918814353008183 0.1004915140171191 0.10164762027110867
0.10639498936724728 0.1061509031648358 0.10591622827579693 0.10568526166780126 0.1055476603937567 0.10547030632681376 0.10517145009856921 0.10472521151530532 0.10417490897349385 0.10360998799161984 0.10304994917127006 0.10240672627392405 0.10168411783119062 0.10067446783648394 0.09977271792758824 0.09907004302263644 0.09788984401718395 0.09632264539905973 0.09492473497491014 0.09376481200449038 0.09239988749379115 0.09136511942130857 0.0911976553620289 0.09083227724150467 0.09080048602174359 0.09052863883826438 0.0907801285837054 0.09107681872036341 0.09148879447511589 0.0921251355304662 0.0928638141513909 0.09401121674423453 0.09522854751698545 0.09614797165285367 0.09642032050966456 0.09650930161708299 0.09690605167831357 0.09777516234651189 0.09875649793295815 0.09951482034955186 0.10083610790785211 0.10198121421619309
0.10673932467606881 0.10660880405274008 0.10641036702953903 0.10615067703304958 0.10587735931548602 0.10571099980032994 0.10533205476953503 0.10500508447064315 0.10443139500954778 0.10404035904413457 0.10350416638258438 0.10294846515532817 0.10235255262234205 0.10180208363647468 0.10102050418058516 0.10041089634801131 0.09908022463991945 0.096784171220286 0.09580187968632596 0.09482465792949486 0.09357135750292711 0.09267699678446002 0.09235079022394345 0.09243989610676906 0.09246292830445942 0.09216395182077562 0.09241450171223843 0.09250067844544144 0.09277499851099431 0.0934750157369421 0.09419253646765412 0.09510129400726033 0.09616344414420178 0.09705056503466698 0.09787598010988259 0.09823073053142117 0.09821263679097778 0.09870871401718272 0.09933394416454333 0.10021948745307148 0.10103258737227773 0.10236915189242861
0.1069350137395551 0.10685127233656587 0.10676516603685203 0.10644467751080627 0.10632639666476588 0.10607355483641316 0.10580719782829871 0.10529256496887483 0.10495705147445558 0.10432656585342931 0.10373606533094591 0.1032139959076162 0.10320049683059494 0.1027387431522747 0.10208902050376906 0.10132864102182038 0.09976426082379547 0.09767549274001973 0.09639062069524995 0.09592592786083153 0.0948800324129808 0.09407409106479833 0.09398848561046833 0.09399706807679621 0.09398025760095036 0.09393368739058021 0.09393701421767184 0.09405517514919172 0.09429590713972771 0.09485716993568823 0.09538401874782937 0.09613751592624337 0.09689687120762323 0.09794064214677309 0.09923530373198045 0.09952807931352728 0.09922746667739546 0.09887176193518886 0.09960534764547102 0.10066909830581701 0.1015794496190538 0.10262290768980868
0.10722561792879956 0.10712391150352073 0.10686684756538156 0.10682082800781921 0.1066429114465709 0.10648030881961831 0.10611101041318786 0.10571659322369702 0.10527374892037825 0.10481620358616771 0.1044046545089534 0.10409483791426734 0.10362520304889732 0.1029939388688605 0.10211460986106033 0.10155857472558044 0.10045378112352955 0.09871305879397692 0.09725511440849596 0.09653358602898977 0.0956652399017092 0.09515424860688326 0.0952671017305198 0.09554979341220457 0.09541202658034555 0.09508626912157998 0.09496200833048683 0.095133239683156 0.09531847616005047 0.0958972118884538 0.09654045733072739 0.09715181305395662 0.09789474204279741 0.09849669397748209 0.10010384193096736 0.10075407552658186 0.10031907183715384 0.09987234717049799 0.09992073180994784 0.10065884366752754 0.10191844228707952 0.10324642086348783
0.10753706915766557 0.10745285470846487 0.10737795073361926 0.10732731557487442 0.10713563692041717 0.10688242537905063 0.10652298492129171 0.10623001986526437 0.10582424437701995 0.10540316292414169 0.10506707774685999 0.10441898275326668 0.10370646583960479 0.1028992603980801 0.10223023603205163 0.10154717686513814 0.10098359886945957 0.09987062996418883 0.09876501048548995 0.0978136129157568 0.0968280312542049 0.09628111475476998 0.0964670025844052 0.09680393931054021 0.09668560879678244 0.09615078836620995 0.0960385626124291 0.09589252856342133 0.09602290596406257 0.09660621993986329 0.09726735464225005 0.09799592323126556 0.09893234580106167 0.09934754193102702 0.10088884165401786 0.1019048786029408 0.10223306749153986 0.10182750911662616 0.10127021155198329 0.10163662890034474 0.10252868859396143 0.10413022075888052
0.10788176989442727 0.10788270955739848 0.10774055103908892 0.10750298821065958 0.10726362815682114 0.1069822532086646 0.10669753863833419 0.1063795211030199 0.10604436908370314 0.10580104707509436 0.10535359198290481 0.1046389646140035 0.10375284209948966 0.10316998654128445 0.10249894619641851 0.10184174501347665 0.10109220378815492 0.10055547342748646 0.1000408865632007 0.09928493437913186 0.09870578040312644 0.09827513824825551 0.09823224181833888 0.09825265743117514 0.0981932625775901 0.09757044304724985 0.09759790723206938 0.09732176660827406 0.09723778997626041 0.09777767244891894 0.09822500463831733 0.0990206083284081 0.09991199525909343 0.1005211711652566 0.1018556455372041 0.10266964354386232 0.10366542779067293 0.10376505158060936 0.10343509276288355 0.10353883490411593 0.10401661663943543 0.10439943409032396
0.10828220343176126 0.10812228948184528 0.10792848192167734 0.10762393042499326 0.10737299716612997 0.10710908409908165 0.10680491414753421 0.10654309587774233 0.1062897794532833 0.10601542217786347 0.10577056796131656 0.1050606635264029 0.10428942759952771 0.1036529373395687 0.10278001267158317 0.10163858513079295 0.10051427517535011 0.09985658739075134 0.09960327244999778 0.09966598959511225 0.09956460762848257 0.09979458696713112 0.09988376898995588 0.09969584758034229 0.09947087911067527 0.09914819222068741 0.09930129727077162 0.0991114674183792 0.09929525167583408 0.09919465171841511 0.0993839797983997 0.0998867312668756 0.10063650542738527 0.10178794170822524 0.10288337977687245 0.1036918358359793 0.10428711210550703 0.10490015893101888 0.10489827309409883 0.1053404586003373 0.10567897413345115 0.10566743178098666
0.10832507869617175 0.10810440920930536 0.10787291797751303 0.10761149492384804 0.107430454352333 0.10715369336335985 0.10679764638536367 0.10662612117938354 0.10642347503602055 0.10608171384645738 0.10577611636924737 0.10538606364820609 0.10478344189025836 0.10398723201603172 0.10265105481669907 0.10090827343671342 0.09835724861537984 0.09661198056624631 0.09706365668237794 0.09828556723711417 0.09956638653268156 0.1004475746833246 0.10091119404028091 0.1011342741115102 0.10083915450853663 0.10044749381316526 0.10071434950775617 0.10053394021491988 0.10075389229836072 0.10045442456229164 0.10058970896725943 0.10105639001384209 0.10159289091171635 0.1022958903108535 0.10334574028773653 0.10451940771481773 0.10505524635080067 0.1058197548855484 0.10545888477066616 0.10547338758001065 0.10614447097807467 0.1061948147514929
0.10827989854919039 0.10800913484097553 0.10775284294078898 0.10765162951889042 0.10749943399300456 0.10725132404924011 0.107016811429308 0.1066243789320582 0.1061650522600133 0.10568639847711739 0.10528046997070765 0.10523990798541992 0.10487289762197519 0.10390322261554695 0.10227879091920958 0.09956156017038875 0.09485871692212884 0.09005888937044923 0.09055593627076805 0.09457487122138157 0.09868965504974839 0.10091627139190683 0.10214457054853529 0.10245582238456878 0.10222372667026648 0.10152059470871347 0.10174570615042325 0.10176614475860066 0.10186369802088677 0.10154945682828387 0.10154188078701396 0.10192580491199786 0.102433660421598 0.10288812204571657 0.10385290404015747 0.10477927214249921 0.10556365202148785 0.10609743687038291 0.10602910040638958 0.10516063202146364 0.10557298604132813 0.10619866250702528
0.1075889255415726 0.10747228924313468 0.1071394981311391 0.10694925684990055 0.10686380860423564 0.10691044000051664 0.10676961642525634 0.10654937023535413 0.10616028990361456 0.10565797680203914 0.10499355782097047 0.10460286949070034 0.10447081975783097 0.10388629206988223 0.1023642975256319 0.09924881093113996 0.09323142423497552 0.08461355047920588 0.0802549560801169 0.09130184101097087 0.09809824808255162 0.10115579368118731 0.10229823441722222 0.10325653478350479 0.10339420204272777 0.10244168733275212 0.10282164272804406 0.10288229732430444 0.10289542174213467 0.10245353367152364 0.10190651373790625 0.10248908064341868 0.10296166399679076 0.10347168351927594 0.10432383282073615 0.10509496533693419 0.1059396771080989 0.10654215063029873 0.10608407927094325 0.10543921886589862 0.10615140894692018 0.10664108346521503
0.10702583707779226 0.10660929934325933 0.10640574191027498 0.1060863550336438 0.10603477278455747 0.10609211170891558 0.10610038415912808 0.1060844181692491 0.10583666158594081 0.10534788337625182 0.10498150271204579 0.10461978745990047 0.10424163692359073 0.10362118116677749 0.10262298051106163 0.10037898475646398 0.09604749934172681 0.0905593869207279 0.08878097458847896 0.0939879582091189 0.09907360266255913 0.10148199712588898 0.10288579243979146 0.10350679207300187 0.10415797353181086 0.10348164100506567 0.10336716160980766 0.10375457006062075 0.10389246479868292 0.10370001652122318 0.10286828748594809 0.10335000172523746 0.10384482912943538 0.10416959870620422 0.10502164081916478 0.10556899370185574 0.10645571339015322 0.10725235892778569 0.10696495670286511 0.10630059392998144 0.10648552490457258 0.1068688554867732
0.10659952290528672 0.10580164380440236 0.10549422633123506 0.10512688767465111 0.10512336938149609 0.1052273679440336 0.10524005357823148 0.10529669146891668 0.1053772569526686 0.10476998978357989 0.10455141363097138 0.10447214972298012 0.1042164189536526 0.10382161051535573 0.10319275030940718 0.10195200993114523 0.09990073386130482 0.09781476533154394 0.09726545157905493 0.09919933656221921 0.1011170637592073 0.1028632596211207 0.10358719197566052 0.10419911361350766 0.10483295540080455 0.10374707533667836 0.10416231293390436 0.1042982580574491 0.10457192918993133 0.10474475631502926 0.10414585014994042 0.10436185798960704 0.10473730616537397 0.10541143275742798 0.10606849609438497 0.10650122802150672 0.10697530417512785 0.10759672099778947 0.10748804271577816 0.10674204124720817 0.10676062003403812 0.10697911281780308
0.10616458012574899 0.10538410102027414 0.10459939795263043 0.10434137708289871 0.1040635503137979 0.10428170168929572 0.10425077434967112 0.1042848251709482 0.104483645006901 0.10430624787293907 0.10404506749052253 0.10411097248324395 0.104039477248354 0.10388543251022453 0.10369712712485528 0.1034041133271316 0.10270464402851762 0.10205059331435107 0.10199867484482451 0.1024452819661072 0.10338235545765868 0.10406554721654036 0.10452576904203409 0.10484763358862809 0.10516323695628167 0.10438318010486146 0.1046732060266537 0.1050493417231333 0.1049911348667186 0.10539758790202469 0.10510440854881704 0.10535783659268488 0.10562106817350117 0.10590385525147902 0.10662485253955437 0.10729451482808201 0.108006337805202 0.10826941690201193 0.10821516045329618 0.10748162631699046 0.10689916025098087 0.10696506150741601
0.10524564697148694 0.10506861959347816 0.1043399934655732 0.10360303130817455 0.10316295011847072 0.10315516626524604 0.10322077800804988 0.10333848767675925 0.10350480200298821 0.10349081587690048 0.10340789382874953 0.10362940723516592 0.10371134676227639 0.10378676290640712 0.10388671183158918 0.10399884963135103 0.10416634355869717 0.10446136408897826 0.1044422897713888 0.1044487063822586 0.10465098145788998 0.10506617180894152 0.10511609808494041 0.10533991874843864 0.10587253152025922 0.10486112868666102 0.10519099502561306 0.10580444540937729 0.10561922272803692 0.10597189054311781 0.10582034917847759 0.10569498213930494 0.10591285040163104 0.10607689694231957 0.10688934183836186 0.10788147929820348 0.108702465169316 0.10883347155321726 0.10871145389578064 0.10791101557795214 0.10712639078442684 0.10698996112686478
0.1040847748448882 0.10386293969016408 0.10362808204299023 0.10309470186445037 0.10244487224172422 0.10211126875832624 0.10209447773215301 0.10223844973178864 0.10239727778256012 0.10256177503637072 0.10264798052533945 0.10278843178925946 0.10323027904560549 0.10345843055583336 0.10371838962611743 0.10420293263409248 0.10455103800087866 0.10480885716397254 0.10531753474862468 0.10560865533515307 0.1054736382780984 0.10582045535153319 0.10576290624753878 0.10622470687994189 0.10662053187192051 0.10604717677586555 0.10601412769124631 0.10660890900855793 0.10614910674567377 0.10646642716234755 0.10632151549027495 0.10584833111594859 0.10621991111041235 0.10663777077354693 0.10724999251041978 0.1081017377422259 0.10901167961986498 0.10904929741189397 0.10914876459333309 0.10827725314507634 0.10741825998550228 0.10724622025253006
0.1030745938108904 0.10267177455008164 0.10257836465615904 0.10236571336181055 0.10179034005665677 0.10142060235045589 0.10106256479555346 0.10139110155403099 0.1013766964459686 0.10149547423466894 0.10162727138193085 0.10225387115694587 0.10251976554763911 0.10324626136340764 0.10368448094127128 0.10409352726969599 0.10436789807632466 0.10484138674335612 0.10540572880861343 0.10597931542362957 0.10633557206178144 0.10661525369394088 0.10696948869699682 0.10745649203635711 0.10767148484452713 0.10760944708398844 0.10652224559662259 0.10723532926471992 0.10768433968816392 0.10695403836272634 0.10699166369036817 0.10617838719236816 0.10695607389574543 0.10736834541580031 0.10800560628829436 0.10852095164841247 0.10910560603676889 0.10979583994001305 0.10951915044256576 0.10877655000030559 0.10794619718487719 0.10741965564969966
