resources/Output/ET_PT.asc
NCOLS 189
NROWS 177
XLLCORNER 690600.0
YLLCORNER 5139200.0
CELLSIZE 100.0
NODATA_VALUE -9999
[rows 114 to 132 of 177, columns 84 to 125 of 189]
0.10347852252753967 0.10318221687322039 0.1031308324986707 0.10342521930935818 0.10336139454989787 0.10291430923585715 0.10239954196572065 0.101846221677467 0.10096798256335052 0.0999030372125417 0.09856787077038491 0.09713721926261058 0.09541242701572014 0.09387682489322266 0.09208483250483696 0.09006624906867026 0.0883907667993102 0.08496150818975273 0.08220881946609748 0.07542792814699145 0.07388915878157028 0.0763495988096614 0.07839645705775926 0.08092752437688563 0.08177711144795531 0.08082085267708049 0.07813147425284953 0.0770248923165857 0.07572478637399546 0.07974747028041833 0.08207184639292406 0.0820533432643942 0.0820856323548525 0.08239328414301658 0.08278149683595697 0.08277276090080832 0.08362282251769299 0.08475422980711217 0.08524717531328375 0.08683374952070004 0.08813018712382288 0.08863034027060052
0.1038601445916205 0.1039675788351487 0.10405725586722159 0.10419032361288746 0.1038328037354891 0.10335353251875665 0.10270152853046947 0.10185916526593455 0.10085181984259194 0.09979949123979237 0.09860930893650742 0.097049674645203 0.09567428340800713 0.09398593612650305 0.09236595109316066 0.09049324459880174 0.08874242526319968 0.08593841716061833 0.08299256117406972 0.07753488964624451 0.07352584986049321 0.07677397769156324 0.07886636169858727 0.0809382459601968 0.08184017748862701 0.08209357427165233 0.07999126835129003 0.07823638444512022 0.07981611761174923 0.0829471486564816 0.08378105081358307 0.08387860313167916 0.08372955425716387 0.08274794604805766 0.08310595347112042 0.08321188523376974 0.08388900642477351 0.08504128376444199 0.08586287293901913 0.08659026899869185 0.08798992001286945 0.08855729132002728
0.10462418094659348 0.10479909839256636 0.10490237287727004 0.10461138942627335 0.1042501242516015 0.10367472706756886 0.102955433676335 0.10209142958531628 0.10108095944120295 0.09984303281304277 0.09849468849256286 0.09669653539741548 0.09549281188196133 0.09395202243573039 0.09232981231341626 0.09038842064734037 0.08870391289360152 0.08631529856776006 0.0835798619125844 0.07915463378140548 0.07824783187422282 0.07884199875069833 0.07994446595603585 0.08088881044823823 0.08146645258983884 0.0823681590963488 0.08327710561970926 0.08304599571184594 0.08371360720597625 0.08535732147020601 0.0858876442479469 0.08578236702662691 0.08592171508749423 0.08540181089986709 0.08549916835324932 0.08559690817970259 0.08563106329818027 0.08651801450178831 0.08696767300421314 0.08738085108489536 0.08848111291418934 0.08919676197601342
0.10567404906728141 0.10573091840589455 0.10547392956120086 0.10505103566380719 0.1045476286347831 0.10390202876341328 0.10318115028508999 0.10232822194297042 0.10116983139824501 0.09994052332303756 0.09858219043869199 0.09688028433937737 0.09546930573137401 0.09403492633900933 0.09242091069323669 0.09043943579483531 0.08865043959900412 0.08645968229109784 0.08397557091403696 0.07912892916791739 0.07775580319190656 0.08079190642487584 0.08043517394023617 0.08157983553796636 0.0828481263756646 0.08357943703458534 0.08481744448320638 0.08642464388379895 0.08692091432382267 0.08731044340587502 0.08794105624467582 0.08742339266442746 0.08736777070928956 0.08705319458291642 0.08705131701071311 0.08719162458162526 0.08746843518128564 0.08847377501154637 0.08855661759534113 0.088802258510845 0.08943340496899786 0.09003474311840762
0.10630416132225956 0.10609261592905854 0.10578364978854574 0.10532883908796 0.10471340089751227 0.10401809983495112 0.10322696708522061 0.10240262703133474 0.10150021442643342 0.10037239008250962 0.09892305256251877 0.0975331907710684 0.09588127779352731 0.094472353967 0.09285208089161569 0.09106563775535076 0.08903146125542358 0.08635204880237998 0.08410723159858964 0.08036672992831041 0.07890958917990903 0.08063337839102452 0.08135556312082896 0.08225046326806565 0.0845422986177226 0.08503795504165543 0.08637897168592859 0.08724306679672567 0.08793204264819113 0.08924879501225419 0.08957179035374455 0.08961147458814273 0.08930993113059152 0.0884489919963315 0.08920136681154844 0.08903974064954201 0.08858702031282753 0.08857584230590325 0.08933529055984783 0.0894749920491039 0.08996304779615784 0.09107609082561675
0.10677492218299502 0.10646344992917928 0.10600734358128837 0.10549252113689936 0.10483312781198502 0.10407790680331198 0.1031877439445789 0.10202910328399839 0.10109549504538577 0.09986955344608626 0.0984804040132239 0.09720790907248554 0.0958552097327405 0.09437481843008635 0.0929279428203917 0.0910003060600947 0.08904745604754766 0.08598300051767681 0.08443715422295632 0.08229191675817023 0.08018072790280409 0.07977495709511571 0.08068037491430018 0.08130607242906675 0.08426505621240933 0.08557785316482681 0.08665538173447108 0.08746108978652285 0.08901729406240456 0.09027276644482198 0.09080941855574774 0.09102530824145698 0.09140970195125046 0.09152891897380462 0.09229121211086183 0.09200235693462826 0.0916496753368093 0.0912359889578869 0.09132417287894463 0.09156089550397904 0.09241156845905955 0.09325155226785473
0.10710594135838154 0.10667693797535704 0.10618929297974736 0.1055432334405249 0.10478494794271494 0.10380065939694111 0.10288539773538746 0.10193152602669868 0.10084508316427927 0.09964717812536748 0.09822429932210436 0.0968380498341912 0.09546082682784252 0.09407301529657482 0.09254006536169301 0.09096652228133331 0.08938637105234654 0.08677018396982686 0.08483333012756203 0.08328967597591556 0.08128970020310818 0.07753079317140728 0.07917811760525847 0.07946790569895915 0.08260779511586437 0.08496940833011445 0.08661753217828744 0.08801112340620539 0.08932179833361913 0.09062845119859254 0.0913108282860019 0.09225018709896463 0.09283476815740668 0.09370816084119252 0.09443798992771335 0.09450389775597268 0.09454662568712732 0.09438548851579458 0.09415315957944026 0.09436891033077291 0.09497597053317806 0.09550983581018507
0.10739677724946535 0.10684558581590925 0.1059388710164332 0.10523646081527605 0.10457686380274202 0.10365084668614086 0.10263738787540876 0.10173586359451106 0.10075649497933793 0.09944164824770056 0.09821887163810261 0.0966543097150419 0.09533211562284448 0.09385512338670188 0.0925056514535474 0.09120022111196902 0.08967261996357756 0.08793006417405928 0.08615990419688334 0.08470116230230185 0.08163035521343139 0.07617301578313797 0.07659951704337582 0.07770372411159752 0.08138164177396606 0.08424369857254167 0.08613576237653114 0.08750560837992129 0.08910096430857468 0.09035980795719156 0.09164143265434598 0.09246655882379108 0.09386035773750338 0.09567478708350323 0.0970798036920801 0.09725758814123539 0.09679540682005133 0.09639093342865558 0.09613957259123598 0.09612010926138348 0.09679233919391605 0.09751773490513052
0.10769205690241103 0.1069863163168407 0.10629329068629041 0.10549095807129653 0.10452617088729899 0.10342742220530056 0.10252466301886497 0.1015261010857839 0.10039126074519762 0.09917172422303056 0.09799711219090813 0.09655016364775008 0.09524866153844154 0.094069231220379 0.09277590853136164 0.0916190966931462 0.09032535867775371 0.08922662002706101 0.08766212062404122 0.08576964830077805 0.08174371225082552 0.07591571310278043 0.07403503535028066 0.076247748468516 0.07928036635266948 0.08295674574157089 0.08510044383226469 0.0868595171563753 0.08842392721155867 0.08980801114538062 0.09148568343041939 0.09276736139027936 0.0943738008801967 0.09689457455230278 0.09965580566652017 0.09974504277192277 0.09824157269086595 0.09765835222995917 0.09768668300202006 0.09792681582571067 0.09841893750285512 0.09896869276220825
0.1078012679035179 0.10718064485278105 0.10634601909135435 0.10529091164650994 0.10441334880015943 0.10349284446689329 0.10252864578781037 0.10163613625888136 0.10062221291509582 0.09952097549514195 0.09843758768197235 0.09702675550952922 0.09561735929687416 0.09443244108541861 0.09338293000538417 0.09234582827960718 0.09141261669437473 0.09022910817852016 0.08896953542923551 0.0866196153538229 0.0825998905624873 0.07761835205762652 0.07459258461160219 0.0762761257020604 0.07732784566797578 0.08097556703531003 0.08388613358110487 0.08595328477208927 0.08783118854339289 0.08937226116607658 0.09092826040538465 0.09258994009864455 0.09418347544650121 0.09627525543493215 0.09872766888835943 0.09871060309470893 0.09777937135342007 0.09760434877940831 0.09794404176284947 0.09857189712140024 0.09928636560105812 0.09998542207164597
0.10714826827101921 0.10653747808041311 0.106002326770781 0.10525011564478094 0.10437977725111838 0.10344298451974199 0.10281670489901872 0.1020676486264018 0.10110921352454551 0.1000773265181991 0.09892038435126665 0.09771111312094133 0.0966311143350446 0.09545447142084637 0.09434110739020395 0.09381319084030194 0.09271182616332845 0.09141906724568713 0.08973924594775252 0.08704654755112146 0.08408827896707796 0.08030394692289172 0.07618294134240487 0.0772337923805866 0.07745601963844173 0.07957871714521787 0.08223406373673363 0.08527183146894127 0.08715800323548806 0.08866361043310406 0.09005024932079944 0.0916956646884031 0.09317656327568341 0.09467016806411259 0.09579004187245474 0.09617744692486395 0.09647280793338335 0.09684334980769413 0.09727552228119596 0.09805297945642527 0.09869021079934757 0.09963433874093948
0.10699384465614196 0.10620441085213066 0.1057239793827685 0.10536061248380262 0.10481175708006595 0.10419686235598233 0.10333872391650514 0.10263176167086654 0.1016515093825179 0.1005855119865059 0.09969140401994551 0.09876951616311554 0.09806666210614878 0.09691596440237679 0.09572627122453985 0.0949073530603572 0.09351775909406197 0.09187405143863624 0.09028219415720992 0.08823571865160923 0.08544079599253339 0.08204067340366095 0.07826145349252468 0.07762086440961168 0.08002450837770217 0.0792000384615021 0.0815937956638961 0.0848759257408953 0.08670416373498414 0.08826357821736297 0.08970329490863453 0.09083200244555507 0.09225307495991715 0.09298680113484761 0.09375608668312325 0.09456232849478305 0.09482345253680007 0.09563924867059799 0.09613751230966468 0.09707008096428675 0.0978877275263992 0.09884093943925099
0.10707180400798123 0.10652406457878452 0.106121755391943 0.10593436474708808 0.10532382144084727 0.10526696361274533 0.1040291204891154 0.10306925075791894 0.10209163758147363 0.10133493294252384 0.10075857491300683 0.09991850934456831 0.09885585477342951 0.09810974419631538 0.09700421007839756 0.09549563340252347 0.09380356678991837 0.09241591086285707 0.09093251731249812 0.08919681998147545 0.0871012879537967 0.08366816131223105 0.07927183475166755 0.0777001501219617 0.08009718318715851 0.07955487659722438 0.08190703972356436 0.08486499087693737 0.08683143437684894 0.08806284813482054 0.08953563821650597 0.08976764290160508 0.09124008096637878 0.09130853747415939 0.0921754599245363 0.09270627494004416 0.09338501532886534 0.09425475155600974 0.09533679195632669 0.09631799102298098 0.09714833665714509 0.09778794045012884
0.10766463447142795 0.10722093810960408 0.10690956722804004 0.10673278983815958 0.10642862034886709 0.10589386832390758 0.10492647867379033 0.10386366433380041 0.10322587683884205 0.10242486561910394 0.10141177438284966 0.100634942968281 0.09962067353578571 0.09877102947195275 0.09744292205235831 0.09595691131553058 0.09460730563857594 0.09304738129755541 0.09111159148000987 0.08973610875952705 0.08806661608763915 0.08480532748844212 0.08012678719476778 0.07748175703085461 0.0794038230218507 0.08002671390374828 0.08283106253097833 0.08501218238435976 0.08675017466822262 0.08802321220267212 0.08885861660405794 0.08907541019133162 0.08977683723263154 0.0898581755736772 0.09093950334850451 0.09148205023205203 0.09250954191345284 0.09353102519296341 0.09458204920149359 0.09558451182860882 0.09647953826822393 0.09707821079891416
0.10842300576859693 0.10798344931431708 0.10764049964546886 0.10717557072727599 0.10672346786480498 0.10619133007466312 0.1054854019702933 0.10470808936115157 0.10373213738937044 0.10280724054738569 0.10205857508057416 0.10144219923943489 0.10055745567201885 0.09910449074879532 0.09781755399576249 0.09666922502599642 0.09518705418172123 0.09345195928846212 0.0921020588869137 0.09075647810595179 0.08889382148066317 0.08608699626271117 0.08158959082850663 0.07905100058911704 0.08093231965385336 0.08118119297051236 0.0840977130565421 0.08562373670184857 0.08707019806628671 0.08807991826229836 0.08888787719539773 0.08927965521589906 0.08911276508053619 0.09002366416804887 0.09045091065143727 0.0912899253850455 0.09227036965177703 0.0934005239564896 0.094446501931996 0.0957045102019065 0.09656422573607155 0.09733456695198583
0.10859145506682771 0.10825475837605582 0.10782464949125507 0.10731549360377539 0.10677299626587708 0.10606647735375922 0.10546370226854096 0.10482502582706346 0.10416809925738665 0.10352220222279356 0.10288735228989108 0.10207275479838085 0.10096327328606669 0.09986748340921467 0.09847976257937671 0.09740842725674123 0.09607794281210728 0.09488474180936793 0.09328836810451435 0.09145713457136843 0.08959103938404617 0.08745026448634578 0.08381942080149214 0.08073446248084938 0.08234023765366459 0.0811617299559802 0.08396842244418591 0.08572716269836451 0.08732565863749417 0.08810862693564485 0.0891472513316401 0.08997554742053693 0.0895460687439337 0.08983144428467632 0.09052632328995298 0.09143636674737382 0.09229958015306008 0.09308059366744788 0.09447975988248383 0.09603017862821833 0.09690688176568213 0.09735499157179435
0.10844526371472134 0.10809098832152286 0.10764500130910469 0.1072209020914563 0.10668636511376953 0.1061290585291641 0.1055029773908723 0.10487750250269381 0.10415417574095108 0.1034105695264379 0.10289288472500091 0.1017917880380724 0.10133607253676383 0.10039812348420211 0.09928329784497586 0.09799420191026235 0.09661157680531399 0.09527785713820155 0.09372073366364532 0.0918977998555013 0.0899965908381896 0.08777051519700398 0.08491778525783283 0.08170241913115553 0.08100218929890117 0.08127983564877787 0.082291526296376 0.08507678539538424 0.08651034297197235 0.08798165228320634 0.0889346721263654 0.09010076424227516 0.09044328517236457 0.09037926440008984 0.09099454287226338 0.09169957469833828 0.09252824629003681 0.09362710198983329 0.0949742059674861 0.0965506129106588 0.09753849843969012 0.09822274520909506
0.10767799161177756 0.10780298769113716 0.10754222628022331 0.10725312687745321 0.10680338914079317 0.10621735441367457 0.1057252479874948 0.10508883741461084 0.10411339208436955 0.10325110012674459 0.10242620244190614 0.1015893529913518 0.10065541942060718 0.09975601374966982 0.09898609270800761 0.09761586584468945 0.0959327540428915 0.09471488848171417 0.09309692261108249 0.0916742321449852 0.08998153814399265 0.08794312296848497 0.08559980714883636 0.08294161294888056 0.08146440888921735 0.0822804473746474 0.08226837736715925 0.0846297647344992 0.08626207846852656 0.0878374907459592 0.08910442372525318 0.09043595660127367 0.09118616383725076 0.09107076222226371 0.09139627577068504 0.09235056373990548 0.0931752776613431 0.09455443668254551 0.09599955475708838 0.0972141930635887 0.09832110300296912 0.09949571022380697
0.1068942189078429 0.10707382298033506 0.10709338129939859 0.10696643852943583 0.10683505243633044 0.1064518261034511 0.10578576806469897 0.10509160832400624 0.10415917102266557 0.10309131471939911 0.10235215527730217 0.10135185234086369 0.10041492804891654 0.09945000013389399 0.09838136564381068 0.09709048095111464 0.09539219394167 0.09425598740509732 0.0929134424962906 0.09155372953979442 0.08999029898328897 0.08830160755730171 0.08613742408792847 0.08448836648099874 0.08316417193766089 0.0827819300009841 0.08354330287422862 0.08519384945089666 0.08663032770308506 0.08786737425083636 0.08943455230843601 0.09092398714196721 0.09210169452452312 0.0919734780473301 0.09289516308659268 0.0935044190624746 0.09451170236507955 0.09568171835740012 0.09706079312884709 0.09796687275067605 0.0992585639404933 0.10047128072981126
