resources/Output/ET_PT.asc
NCOLS 189
NROWS 177
XLLCORNER 690600.0
YLLCORNER 5139200.0
CELLSIZE 100.0
NODATA_VALUE -9999
[rows 19 to 37 of 177, columns 126 to 167 of 189]
0.09783723128375561 0.09769040234721763 0.09772634688522655 0.09722884197357404 0.09720120292089805 0.09764070363838795 0.09815846463667945 0.09856201851531672 0.09887298389471742 0.09976018009795252 0.10094367284032765 0.10193520927480638 0.1035581102944555 0.10412662405277151 0.10401620771793477 0.10342789541095025 0.10237676886487578 0.10095536837448182 0.09950130141569274 0.0978113777933622 0.09611424180393026 0.09682319348785147 0.09715860137268208 0.09713167067530411 0.09702166910747945 0.096635330571266 0.09598839337560014 0.09575025603819046 0.09610020541454284 0.09666428486169887 0.09721367155211492 0.09747153939646183 0.0972575970125127 0.09676961136464277 0.09598012883526105 0.0951902303417496 0.09379305659293699 0.0927896028014843 0.09127652482725078 0.08819600375401779 0.08492313954279529 0.08364507505679991
0.09687808863532442 0.09710814783567968 0.09706759690988102 0.09687763302549837 0.09713846805982553 0.09673713419950312 0.0974742569405156 0.09783696441024348 0.09779117180902094 0.09913400009402071 0.10048320511316777 0.10150134653433181 0.10313441086338085 0.10398487225090848 0.10373662852577978 0.10348735378926435 0.10236022285834526 0.10099450580379753 0.0997885925882314 0.09786534611943075 0.09591704941750706 0.09586164405838739 0.09657688146360113 0.09672511295383833 0.09657680678820815 0.09621781793544726 0.09536860208032896 0.09529042515559107 0.09541934396935395 0.09593420289742884 0.09659036174347646 0.0970213543717767 0.0970189461317072 0.09656354071289523 0.09584309083112535 0.09501081581375552 0.0941868237246285 0.09300701231246267 0.09112462797835476 0.08841651073596304 0.08453260569602807 0.08304810409143394
0.09612334413848814 0.09633703045666898 0.0965747931807271 0.0967022176621091 0.09658929734502505 0.09690051599260835 0.09699291626186674 0.0967850969502922 0.09757581585805149 0.09895620777920408 0.10038924768037896 0.10202404077401056 0.10299959224560783 0.10357053924218299 0.10362167164053576 0.10337657896231285 0.10284663470701302 0.10157938261425473 0.10017443765753414 0.09873411826405516 0.09700353985004022 0.09640695311030584 0.09625586279381772 0.09601279816901209 0.09606264649205426 0.09627167631836415 0.09517426578235762 0.09463082125750914 0.09509949685375525 0.09587552401071438 0.09618122985723038 0.09665441346788545 0.09659237524001398 0.09627128738763414 0.09561820887737335 0.09487956742340183 0.0941683269195419 0.09321453060712413 0.09170672086366433 0.08957978604604726 0.08480088915266022 0.08352934242775559
0.09520568146636066 0.09531246742333978 0.095934772146342 0.09625509261683035 0.09660326498460274 0.09682365261617586 0.09635567992398605 0.09668166588897097 0.09790429901332043 0.09926305956865117 0.1006789289560659 0.1021643424102608 0.10297753133156785 0.10299617096237208 0.10308177560369361 0.1030902502675014 0.10272136824865642 0.10235895259956763 0.10157944348142801 0.0997940813965794 0.09803381569233463 0.0971957249162996 0.09702120568265012 0.09685791760429922 0.09658303239258519 0.0969744837513616 0.09611515753787393 0.09532078272001854 0.0952737221521266 0.09535554607485276 0.09623689107948043 0.09642578684926142 0.0961872619462294 0.09597171944946362 0.0952548125818616 0.09459604276016384 0.0936458477601416 0.09293716355218222 0.09210253357874804 0.09016994550431018 0.08595985584781926 0.08286799153790207
0.09428089103556264 0.09417843091911302 0.09530092281303683 0.09609039886358076 0.09683801787212715 0.09744074900593476 0.09707462965880613 0.09795758920701106 0.09947351835024883 0.10062862229256847 0.10166944491195642 0.10259684431713466 0.10289843568962444 0.10279301792742927 0.10260920118796622 0.10272527260978792 0.10217274458549154 0.1018853443929734 0.1017715108639532 0.10110775391548397 0.10008315939623343 0.09829663875788554 0.0981390224815014 0.0981567091214274 0.09814179401865963 0.0978080291045423 0.09732338066323742 0.09655456183356842 0.09602843239959462 0.09569061603147946 0.09586804974079255 0.09599358213508963 0.09599048880876221 0.09549460048169701 0.0950362749105275 0.0940780129638736 0.0934582786175595 0.09253724293121902 0.09169760217922114 0.09037640967258728 0.0876899565474139 0.08380073849686986
0.09337218808777836 0.09361910918180802 0.0949757973230985 0.09563956658666521 0.09650880867846258 0.09688390578715363 0.09799931456261773 0.09880003261704097 0.1002711442431581 0.10114279311530862 0.10185431965786078 0.10219617282213875 0.10250211070438203 0.10247774548365693 0.10216036056702661 0.10201527419897848 0.10147855415933875 0.10112076559116634 0.10125953445207822 0.10112924872666551 0.10085175363965784 0.10000501146705815 0.09921970716645696 0.09891885490045119 0.09869370795194302 0.09811140160339739 0.09736089614001221 0.09688593495500702 0.09660675916182768 0.09626189880649334 0.09604302810694759 0.09578381279630548 0.0954178961370371 0.09511535571482939 0.09465963949718 0.09406451758729759 0.09323853476652594 0.0926689932920107 0.09157248773547197 0.09015940656775025 0.08736685037843771 0.08402378404770124
0.09278707959409593 0.09284806614029179 0.09436979323176456 0.09532409397168043 0.09572282280340803 0.09662639117902404 0.09768504024197422 0.09966229717080483 0.10066969906841682 0.10099005133617121 0.10132563779500013 0.10151592253176886 0.10189767364854085 0.10145201036749577 0.10135900318130238 0.10113517252925837 0.1009753068209519 0.10085045726194003 0.1006548889539518 0.10081239694758391 0.10084966892141664 0.10039742951855546 0.09985290411943941 0.09930967838437735 0.0988154511764404 0.09822697448067799 0.09765329733205863 0.09718195654720067 0.09687613072087312 0.09621004468038341 0.09607539299880549 0.09584635446786856 0.09492118645005013 0.09448741958853066 0.09410405407871936 0.09362188347130594 0.09304090546837678 0.09238421412906624 0.0913220027303563 0.08968756027011099 0.08726113043413612 0.08472584612856664
0.09128165972049757 0.09181531717924667 0.09409722455608209 0.09509679779633771 0.09568917267289927 0.09665005674844797 0.09795106226370325 0.09982187981282116 0.10061273057665475 0.10066914470543614 0.1005688455678279 0.10079891479224856 0.10116364935265781 0.10071516755945907 0.10078456360185553 0.10058014515346035 0.10053113589109605 0.10036279321309398 0.1001955391518438 0.10031895512892967 0.10031109794321584 0.10032699430394873 0.09999257676162905 0.0996962742308128 0.09908609808352514 0.09856623192835155 0.09801068227787459 0.09762034849199616 0.09711164903009753 0.09672015585812814 0.09634692968193717 0.09573561100805918 0.09470887802614321 0.093951625445405 0.09368601268726919 0.09308475001319488 0.09258888281643712 0.09181489156414753 0.09080686403403551 0.08920892246881512 0.08710944634311801 0.08482094339406832
0.09043472865976318 0.09183501130707195 0.09439193735379 0.09540397455197804 0.09629340083173937 0.09712406095532371 0.09831181554528806 0.09984314931286407 0.10039903915727731 0.10003978198257321 0.09987575276415044 0.10004884985970608 0.10035174645277764 0.1004390241710343 0.1004744492745903 0.10007449972261645 0.09990065218921794 0.09981492300079257 0.09989903558954617 0.0998473645751583 0.09963190569046469 0.09945631732778212 0.09962806387825647 0.09933015790694132 0.09901846962301544 0.09869053592127483 0.09827462636145566 0.09789449056695419 0.09741587188679293 0.09705742592360754 0.09656663489272165 0.09575644720722977 0.09468941715292764 0.09379204727928829 0.09295444035013485 0.09249006609548845 0.09164439539532289 0.09088852484153921 0.08986338751590188 0.08848834363812219 0.08681139378015684 0.08521201891041723
0.09066557239082347 0.09324488452905082 0.09473135636636648 0.09592050014479045 0.09670974182767146 0.09763913268209878 0.09887164593306969 0.09982148758835734 0.0999662829905323 0.09950496600890217 0.09902872633745519 0.09925120753782012 0.09964886538542785 0.10000560328235729 0.10000093613386271 0.099489728485688 0.09924864911055237 0.09944853922510055 0.0994626704875544 0.09945038764861076 0.0992712722833919 0.09901077013456804 0.0989358661974314 0.0988378877968378 0.09842792398116511 0.09820425343435583 0.09769752293351505 0.09731689641699022 0.09707514589641744 0.09657152150094953 0.09628831848117868 0.09581273524664177 0.09522051438892687 0.09410798631350357 0.09325559762217228 0.09248920428764086 0.09124839501109949 0.0900445194040725 0.08856681269717806 0.0874317101535382 0.08653541318702124 0.08633241688403831
0.09144587103627111 0.09396563644885965 0.09479345434421241 0.09571704916726184 0.09661948284734448 0.09749930583239433 0.09871122973043643 0.09937269473453218 0.09901490789801302 0.09898918892736837 0.09871118431809738 0.0984680690814903 0.09900458363171812 0.09969325799560128 0.0994320541604686 0.09897488844453417 0.09882698732791052 0.0990360305908147 0.09902436573407744 0.09890911572546066 0.09867203335665431 0.09834928415043086 0.09805395571753836 0.09791233205368757 0.09788732779692617 0.09747533955658168 0.09708187663243727 0.09674445228759392 0.09632837764132296 0.09595810153056167 0.09553915856076117 0.09512952367753896 0.09452597032545697 0.09423713754765643 0.09330501223945072 0.09222506565296233 0.09101833141070464 0.0896084616268719 0.08814788017552395 0.08726557096320785 0.08693662932052212 0.08664242089396562
0.0923657731776294 0.09402769874179236 0.09508280868561832 0.09572372740900038 0.09665271125827817 0.0977783065751581 0.09848912527682975 0.09851478236088054 0.09798669056041372 0.09810852899553145 0.09850255317468809 0.09853615416932246 0.09867662574904225 0.09910408469792797 0.09885613243523189 0.09850625662031093 0.0983477658346163 0.09857615897382199 0.09853309088239633 0.0983336419001655 0.09786714304176819 0.09738467553638054 0.09724283037466365 0.0966019408891147 0.09693874851121019 0.09650126284858848 0.09640494990621651 0.09595041500383093 0.09531216088295423 0.0946812896936846 0.09435026024543568 0.09417904676661712 0.09377819088046245 0.09325373154888021 0.0928695205723417 0.09155619865820364 0.0909768734721987 0.0895094137211668 0.08847549358627382 0.08806498196959367 0.08783541855194228 0.08744440556057996
0.0927331088728325 0.09414136383273454 0.09504200774427411 0.09588653923015303 0.09669946376888304 0.09765592106842984 0.09765688311836652 0.09755059103141372 0.09726847204655743 0.09738388816047125 0.0977657274487488 0.09751092418538898 0.0979161577204863 0.09829845257418095 0.09790486497458363 0.098028785000842 0.09789750865666759 0.09804998465626363 0.09792329317903244 0.09770403315285942 0.09703527241589682 0.09591667057120111 0.09605674602462615 0.09485952848573725 0.09535279820740407 0.09491476133935203 0.09540564630886185 0.09506034078462677 0.09396043789240992 0.09322046506891657 0.09292292945318718 0.09310950996437345 0.09255194065147047 0.09220529732271349 0.09162751060750125 0.09045705671321985 0.08979842386200662 0.08918905374495335 0.08889725057675076 0.0887942882182533 0.08867537166975985 0.08843532370409025
0.09331673416451505 0.09426562849461624 0.09497685695457829 0.09571602234545779 0.09670659998049982 0.09756475702065204 0.09682470577616789 0.09674373802302325 0.09683733856225209 0.09677638458039646 0.09684823543607071 0.09690033999290479 0.09699476243873419 0.09718864801713795 0.09739381119513206 0.09745187128810849 0.09733117295150666 0.09732344030942872 0.09730010721828194 0.0970096301299271 0.09625255953027305 0.09522289231870465 0.0947039062443568 0.09424383334799662 0.09391400369017083 0.09379285849709751 0.09411115758223854 0.09350327820826392 0.09289803791830671 0.09203968213424203 0.09197503371194155 0.09185588316318692 0.0908996347347422 0.0903001026076006 0.09013961533977939 0.0893452262076376 0.08882408636499287 0.08849020861471674 0.0886451418995798 0.08882641641704524 0.08903925400065804 0.08923876581993362
0.0939290804951805 0.0946081552582353 0.09513173468752474 0.09605670932939712 0.09689123595720843 0.0972337480236846 0.09577357653513312 0.09604157983155678 0.09603508318881286 0.0959701758449506 0.09620599792170764 0.09591670189231177 0.09623457524214493 0.09642557300501756 0.09666613188868199 0.09667783782763666 0.09652182630327125 0.09641783983234312 0.09654242505588137 0.09623705991221684 0.09561716700187937 0.09469644274419263 0.09440615100816346 0.09369001475405808 0.0930486917868281 0.09255916334570123 0.09204434246411736 0.09126906481944956 0.0914004921456783 0.09115582794535504 0.09126981542919392 0.09100787471474685 0.09040392463278733 0.08964056471155334 0.0897494679169165 0.08939927988495719 0.08888654298747292 0.0885067458500071 0.0884612049494111 0.08839590556506573 0.0885328649197952 0.08913109662207362
0.09356807308510157 0.09470350837322737 0.09541257015968861 0.0960999868921546 0.09669100826603325 0.09584741786499182 0.09554762197186076 0.09548357610898929 0.09542285575256748 0.09532456576686343 0.09545199308563183 0.09560055585707 0.09542232944005488 0.09569813538758525 0.095708132516771 0.09569820615265318 0.09547062397643069 0.09550795950815023 0.09547888566801224 0.09533040923760346 0.09462881777381542 0.09394639824986036 0.09367430844917667 0.09296352322765047 0.09189941192950872 0.09146469031181614 0.09061518230902756 0.08958982331614075 0.08951564803543498 0.0900345384895205 0.09061069215548063 0.09103353851186467 0.09077050584088744 0.0901655789868634 0.08981373884716534 0.08982325994649483 0.08936851313888172 0.08871433882737559 0.08842493632362036 0.08843508652519175 0.08854555030501739 0.08914089019098141
0.09345961583631546 0.09432564649894179 0.09492896309650066 0.09547907763058994 0.09591751461141265 0.09555290272857894 0.09504611284451947 0.09499142197429558 0.09487356893507243 0.09486630645606861 0.09502426109026266 0.09501162617740087 0.09491740012020948 0.09482749974354084 0.09474292587208746 0.09462595916976442 0.09449215205948358 0.09444582475888218 0.09432881790427947 0.09336292467442772 0.09346820278773936 0.09267315254250796 0.09293833928418946 0.09170981240652927 0.0905932396306833 0.09025754356208396 0.08900276659997416 0.08884360108505987 0.08895466922328604 0.08969099265640862 0.0906587523487529 0.09130068635448867 0.09120273665673508 0.09049026005447988 0.09036509008714659 0.09032515003564356 0.08989068534206883 0.08957809457863901 0.08944614195861623 0.08925872454944928 0.08938182108496817 0.0896975071651708
0.09293997915590096 0.0939001921696262 0.094240405453708 0.09469412454438214 0.09518013628037343 0.0947842332237905 0.09463073179944205 0.09449652670934366 0.09430920018430872 0.09426123036694947 0.09439796368510515 0.09439722595232966 0.09405782818071211 0.09367482488841658 0.09376775302199883 0.09389272046748835 0.09298995890048095 0.09258358563653511 0.09216547858968518 0.0908107079180471 0.09134872478402006 0.09144287545637118 0.09194014886810332 0.09127090207173334 0.08991476511031517 0.08935740248187184 0.08867513208624273 0.08845447582453811 0.08943339996948156 0.08977485287343609 0.09065567896030428 0.09160371910115904 0.09200270565658596 0.0913785760544135 0.0912711781621392 0.09141544221079048 0.09071472029149316 0.09078793731767579 0.09065529928817119 0.0903078320611264 0.09004300515797156 0.0901079059485431
0.09216967492499882 0.09321679671457692 0.09368739964345676 0.09405185307074024 0.09426049712291851 0.09406064328085356 0.09395413876481273 0.09383917253710755 0.09372000917521725 0.09358784350153344 0.09362996511891168 0.09361502077177383 0.09329126884280206 0.0926920898639426 0.09261056267840999 0.09235965422112705 0.09094463359984126 0.09035198830108378 0.09043391351883083 0.09046343473620388 0.09075758804168477 0.09127830514722605 0.09177807341013672 0.09147715670276282 0.09019200427200513 0.08923722745194847 0.08846337305473619 0.08863637948430214 0.08881765603623326 0.08981348387955712 0.09073923887543643 0.0917115753269246 0.09255750069936765 0.09225126237102273 0.09201763614689289 0.09229590783163671 0.09165640450006501 0.09158919850379545 0.0916859049424793 0.09092599017208015 0.09074173004894705 0.09069794420939645
