resources/Output/ET_PT.asc
NCOLS 189
NROWS 177
XLLCORNER 690600.0
YLLCORNER 5139200.0
CELLSIZE 100.0
NODATA_VALUE -9999
[rows 57 to 75 of 177, columns 84 to 125 of 189]
0.10234000823712179 0.10222468915436857 0.10258937293465746 0.10239837368938462 0.10175037469472485 0.10224101505374063 0.10137552786202378 0.10138111162152419 0.10076270669491469 0.1000619726661115 0.10003796435977433 0.0996193798255433 0.10010319720618802 0.09999962403591267 0.09952594214966379 0.09938318272321013 0.0986982067734773 0.09838413643392675 0.09699006823302403 0.09429857837253985 0.09413924491687849 0.09338745016556813 0.09226391418577838 0.09123637561568029 0.08950765582133612 0.08729966822560051 0.08645860557433982 0.08527209686708712 0.08528355695504762 0.0859005541608921 0.08598420761141327 0.08576798631575952 0.08551549331025383 0.0851550113809714 0.08546662633750486 0.08477724851534385 0.08390371121360697 0.08278994317324238 0.07912047424674987 0.07574164654963506 0.07606202931324621 0.0743898294961616
0.10171644489938754 0.101690364114372 0.10143399246128604 0.101191487976038 0.10070286443533892 0.10103445314463279 0.10046165804867813 0.09965112646827384 0.09897278229809077 0.09812209499721174 0.09846948406153816 0.09785221605852928 0.09836038165016625 0.09857284411132484 0.09771954887681378 0.09827897791903628 0.09765366349484242 0.09719714634839477 0.096391093161296 0.09375793021186545 0.09310466862618286 0.09173929325911583 0.09158218816917499 0.09050250913287966 0.08840927347613366 0.08376504036039885 0.08045380459962478 0.08031185272404623 0.08042124041399588 0.08210156906341765 0.08199451021182481 0.08317104033985163 0.0833317768633176 0.08429512232854655 0.08444141406186176 0.08421822377399121 0.08339589775629214 0.0821795852704287 0.0784152877952776 0.07415364349979782 0.07149053583045976 0.0716225273062353
0.10156335135735951 0.10098014863331951 0.09959088382163402 0.09974099739802461 0.0992702390231003 0.0998529448923805 0.0997777112417746 0.0981924176620413 0.09749771513067931 0.0971320651503735 0.09663566358651703 0.09619105831909312 0.09664966073915235 0.09665875389305684 0.09570840556151584 0.09708044426594514 0.09673916232948244 0.09624621020223124 0.09560694121410171 0.09313685289525837 0.09135089457267931 0.08893624833008437 0.08891925677166143 0.08795003140712566 0.08749228348218843 0.08403072044868642 0.0804450195085002 0.07979895809341003 0.08113673718897264 0.08050033419683929 0.07940986914181868 0.0790942110728126 0.0800391738793944 0.08162678339390761 0.0826483621053626 0.08288782296677667 0.08268587682173631 0.08113844405815966 0.07727563644321216 0.07291985333093147 0.0725701217828392 0.07297913306563755
0.1007419770803654 0.10015878311634094 0.09889868759454885 0.09827359098094471 0.0982110539645972 0.09847432352328879 0.09854685571063758 0.09801271433399938 0.09731562159008818 0.09648631221531703 0.09612711434890604 0.0954638459000359 0.09537149690052875 0.09524028401497517 0.09462609957701164 0.09586933048347532 0.09532832349289605 0.09484144651480932 0.09397418846719288 0.09218450593403643 0.09054869945736328 0.08789093137730836 0.08742033189894692 0.08768100907037393 0.08634730144070965 0.08564497158974006 0.08228540210830092 0.08014916427184297 0.08018859449316237 0.07994798325816826 0.07982112074485541 0.07764603346948167 0.07878044832263752 0.07875397886236517 0.08029795409617603 0.0822632534333838 0.08193121347830391 0.0790161475948434 0.07625934081235083 0.07330433156360665 0.07389949687032875 0.07338733690180015
0.0999205758335216 0.09922314139145404 0.09821797547214839 0.09771534061383622 0.09728828927826648 0.09755831023974364 0.09735448577139055 0.09774652543953727 0.09732892187795623 0.09647359941364103 0.09606122704234163 0.09517538927777158 0.09472452915887063 0.09445743937410855 0.0942668473771839 0.09455407622835964 0.09367446354422446 0.0928699756375004 0.09217838132132619 0.09144809426861214 0.09034335791116814 0.08729632879898498 0.08461551112554724 0.08471610256440441 0.08424876125108434 0.08397374111250108 0.08360070588376589 0.07995120172974239 0.07946396013060865 0.07851942489524644 0.07861205603411862 0.07618342878829719 0.07799242707531133 0.07722190080418147 0.07866319527770095 0.08098269973532375 0.08103183704207581 0.07659135070272036 0.07285988564306552 0.0759568649258556 0.07581823817546608 0.07513688236052848
0.09867078697338334 0.0980119902669086 0.09718422772529572 0.09640204718500053 0.09664961253661858 0.09646753722749249 0.09632141514018155 0.09658099770418667 0.09671634702015881 0.09613187139227729 0.09568229767784484 0.09515942493022507 0.09416161463669834 0.09365951522303367 0.09282105068867622 0.09279464259106346 0.09139685605161295 0.08860077247492543 0.08905592851585852 0.08919113506953358 0.08892740037195623 0.0873500126535163 0.08337462840857644 0.08136832797855625 0.08211160388641452 0.08271494140449628 0.08219855844907933 0.08059812821472447 0.07908770265272198 0.07704445918326988 0.07608512360796962 0.07617715300698298 0.07722398484623325 0.07641400393552641 0.0783726946510822 0.0806748196025765 0.08010517395278595 0.07491687481050524 0.0726941198432452 0.0761377572243913 0.07654179665722848 0.07734417494658763
0.09803083537192986 0.0964296988600345 0.094610401149675 0.09448804345785229 0.09474485346628068 0.09546421232806242 0.0949453037687125 0.09504944142136187 0.09555050881871939 0.0955656065785899 0.09537249504508609 0.09472550013664453 0.09345646564768723 0.09265554017946592 0.09198573908153533 0.09064430423141018 0.08787913355090883 0.08310727241805729 0.0804694932836226 0.0842143563312569 0.08637340507009522 0.08672784832717095 0.08488860116067824 0.08147521677691356 0.08017580900056152 0.08075315586306599 0.0795758505284235 0.08114472774103941 0.07927712231481461 0.07788317131727017 0.07635167194954197 0.07438056640290155 0.07530113001849262 0.07617844155677773 0.07787023018825256 0.07974100896350157 0.0796396674013983 0.07606753023736676 0.07349163282838622 0.07627780465849336 0.07681330768844127 0.07794680422847461
0.09760768906195479 0.0953657337738548 0.09255961879332743 0.09297777443843065 0.09500945330422289 0.0945436948960649 0.09427584767985446 0.09396748785184003 0.09397062073931522 0.09490419735870653 0.09448243442329037 0.09397025049131826 0.0930735466159111 0.0921176734182699 0.08992447614654903 0.08883081893020507 0.08624099517608604 0.0819770727495902 0.08173538446045474 0.08104223088367576 0.08492917300675983 0.08589579697575583 0.08607386026704708 0.08440100921638538 0.08054631455108018 0.07980593174760894 0.0801508206461723 0.0780714327880699 0.07882755474807986 0.07814898534985555 0.07761909797819515 0.07543921535151354 0.07440265458925625 0.07466986072923537 0.07582346519122458 0.0775551356560926 0.07781809715860447 0.07645711433071237 0.07426143587256913 0.07568402490451943 0.07609058772877796 0.07760805720455706
0.0990742048764246 0.0972317129997605 0.09515979439398628 0.09419748135655887 0.09302950910623141 0.09326601505378895 0.0931725234783419 0.0934259411138701 0.09362732798159103 0.0939974353898539 0.09358665093415514 0.09310851946307556 0.09087635825710169 0.08931426025893083 0.08681619970046733 0.08657783615933975 0.08447371681162047 0.08241200920872523 0.08193096266802842 0.08157414077783018 0.07982760542950279 0.0836032347231135 0.0854673637950275 0.08494594595641566 0.08404310943204811 0.08110702392478011 0.07902390255040254 0.07791776786116257 0.077489020510507 0.0768688503690118 0.07676306686172789 0.07622907274903286 0.07338748975293802 0.07583513593239606 0.0744390184403484 0.07686553779423028 0.07589306516620796 0.07207042974415112 0.07037548029444442 0.07229743336352715 0.0749195231615481 0.07560847521065919
0.1005766438216587 0.0997336070183698 0.09810872834247232 0.0970417117402028 0.09532129327957053 0.09388501174286581 0.09286911128267047 0.09241702309331531 0.09288802745746198 0.0926480190565545 0.09308352882467985 0.09194499934168335 0.08921347810778735 0.08747652745969656 0.085709097768466 0.08401831176638212 0.08212837337979233 0.08112429739153118 0.081424858516238 0.07995249290711474 0.08133383431731146 0.08155211660230235 0.08331561835672888 0.08407377212098394 0.08462204156434856 0.08290134049432192 0.08066223810368711 0.0782937445446178 0.07725755187243322 0.07718553001683084 0.07713046844633509 0.07586002273030061 0.07500457068352681 0.07670686719575609 0.07532382874503515 0.07678057725376002 0.07581295475848564 0.07164462301544977 0.06953843676702112 0.07040336983607431 0.0722988122738945 0.0750034362003966
0.10263537113111441 0.10121514730678355 0.10036982670523778 0.09951066869059934 0.09837073211006281 0.09709626991216783 0.09546126381306734 0.0947291427892294 0.09392751787552277 0.09218605077081177 0.09137254265008765 0.09060916016188576 0.08950859139608575 0.08771559521488857 0.08568862156116065 0.08289724733975995 0.08267176206811537 0.07996963230087503 0.0795280701606204 0.07927053652253611 0.07929246260788766 0.0800237886753919 0.08143120922088452 0.0831292760975934 0.08391329057211251 0.08305202606591253 0.08316590368934586 0.08095360608223405 0.07969950362116143 0.07778462200348507 0.07697921877814574 0.076538481604032 0.07582906696060703 0.07534061690218445 0.07625185174762576 0.07774458939906125 0.07585278721025578 0.07161066406801711 0.06904688663236508 0.0706622083725324 0.07052729337733374 0.0736051175952462
0.10389131960178008 0.10283685158252508 0.10208470403045694 0.10114538876219016 0.10052678617260087 0.0993030733360233 0.09810354919512049 0.09730102111455753 0.0963394008163979 0.0942672816520763 0.09292276024752963 0.09120682539608167 0.09043951032661807 0.08846851480727548 0.08597526125862627 0.08419741472111317 0.08229776599378924 0.07991306485601571 0.07684858935135438 0.07689934000456705 0.07817904005360606 0.07762682501101861 0.07821917406509596 0.08054642151865417 0.0822626534512057 0.08287162187691928 0.08271834844940838 0.0811568344328593 0.08014140751464362 0.07903642628446492 0.07852159907749852 0.07852407989247671 0.07750039603125801 0.07693103455679758 0.07765565871884456 0.07799875463071057 0.07641912324346527 0.0728923576029275 0.06936292456795122 0.07013977888812281 0.07009649116470205 0.073209023831495
0.10512292601381228 0.10453068876250356 0.10346206288307341 0.10252484913249844 0.10193146913510238 0.10097223746252697 0.09989321101345072 0.09907844654807794 0.09832884058927902 0.09655422025607555 0.09537633684072919 0.09414492790267735 0.09262533810439082 0.09064988116746293 0.0888673358459706 0.08730186938864193 0.08509318935180323 0.08304274667871088 0.08052908786862677 0.07791890882069112 0.07584068184514123 0.07666799517100435 0.07608111048953882 0.077285237131953 0.07893887204332291 0.0803029715846603 0.08041300128225017 0.07924032019099497 0.07823994591013785 0.07799404466409637 0.07883735825378807 0.07924149516314585 0.07891424038716488 0.07877800670211677 0.07933794917807777 0.07891021716516552 0.07744643664697848 0.07491410684880677 0.07051424033612802 0.07059594421941413 0.07075584152513364 0.07315467823659955
0.10642706619713467 0.10561318179105199 0.10473832349340709 0.10387091305125601 0.10318608384699757 0.10282867595778757 0.1017088040962701 0.10058882799830408 0.09922857374912923 0.0977628730687076 0.09641675299042511 0.0953268703988653 0.09394309618144012 0.09241643466864705 0.09070308708177383 0.08959213515498259 0.0875705200418834 0.08587016822579248 0.0832413395565562 0.08043919000722531 0.0787130976909246 0.07715017476207998 0.07542378297097899 0.07676968667725886 0.07763037779813783 0.07909008939069463 0.07921228485704704 0.07866197185822263 0.07749046613275314 0.07763015768032543 0.07792251109328918 0.07907052716534291 0.08028433598297266 0.08070183923541442 0.0807801798272213 0.07967171554398561 0.07785678782998 0.07605280711524326 0.0725016373219024 0.07062144606243845 0.07236016510331642 0.0740862253093255
0.10760744242732206 0.10694280830847018 0.10576431614571623 0.10512162009735987 0.104200726237075 0.10397982854320414 0.10296443062223336 0.10134693384796553 0.09986839392192477 0.09834797676921751 0.09721714181509365 0.09618842890327717 0.0955936487888561 0.09425170526186806 0.09271257811712022 0.09187468984243108 0.08978372045203882 0.08789108486784632 0.08562445035205458 0.08362320665547264 0.08132019519294298 0.07949857717833671 0.07816441176270632 0.077845205483218 0.0784370533239333 0.0786400274352292 0.0795302266142585 0.07938302463654671 0.07835108706868989 0.07829723159116384 0.07889537266557536 0.08004497634038403 0.08181398491382653 0.0816692744422701 0.08131122145535166 0.07930535605363366 0.07775934037999972 0.07712090233758258 0.07543838059535196 0.07479995868471648 0.07425847072201651 0.07477648950459805
0.1087473722501779 0.1080509410928896 0.10702791551158397 0.10644346373024702 0.10528794255681757 0.10496008024861259 0.103917730577947 0.10247806899907398 0.10116301357095606 0.09984014242986979 0.0987790000375784 0.09782072958809732 0.09698994767858832 0.09590541206585507 0.0945137595708372 0.09294684253418674 0.09151845816598303 0.09017030556885398 0.08838584533626709 0.08612889820671181 0.08470138372452948 0.08310791679780882 0.08148699819824261 0.08031259396242742 0.07771844583048308 0.07787845079904143 0.0799194107674699 0.07960019633763708 0.07998520296247055 0.0805950941217343 0.08126273457192587 0.0821702013579191 0.08269987667492912 0.08276781870081096 0.08189165850146053 0.07969638418844976 0.07799189987270527 0.07760620863999948 0.07710991527791139 0.07560656822026218 0.07418186578436184 0.07408366626908573
0.10861359215097018 0.10874628568704783 0.10773300030128871 0.1067739248529915 0.10565124544817953 0.10576687281368088 0.1046543338678501 0.1035380733944378 0.10245694751573058 0.10133549259587293 0.10007765725092864 0.09954600103062515 0.09843041740426584 0.0967599137285298 0.09531911205937217 0.09398040337206157 0.09240113610888102 0.09115487795165109 0.09042018606515924 0.08839960060634561 0.0871898212248681 0.08573350122241491 0.08459495783531268 0.08273896645676093 0.07987492936217826 0.07837267495967751 0.07994994926848129 0.0801814220582525 0.08074597808278931 0.08201391322428891 0.08270528252369375 0.08337485677689044 0.08350119093875091 0.08309075873438153 0.08232090961080855 0.08067348552626082 0.07871060812608754 0.07756390568532427 0.07664564831956655 0.07584988958448219 0.07388558914804141 0.07347905724462317
0.10802886009703892 0.10758250809759302 0.106992929194211 0.10594437822674525 0.10519860425788859 0.10494537047374675 0.10439940564831883 0.10387231899891461 0.10334720218071648 0.10222706595476455 0.10097110182514848 0.10012679742545169 0.09877924597470371 0.09737750295198032 0.09594234390347851 0.09453919543141183 0.09364799924271322 0.09277687948184138 0.09136290633917112 0.09029286997789966 0.08806052825901013 0.0870032124500673 0.08484930285999728 0.08309522861387111 0.08196996641447692 0.07911134964494146 0.07866413411424908 0.08017551888917994 0.08029858199412408 0.08216777429949174 0.08326695264186529 0.08394023132788052 0.08391531999840927 0.08341884101707915 0.08239490934853988 0.08090422886323506 0.07954499166594192 0.07751730643823396 0.07605452424401132 0.07534357172574468 0.0751888630228746 0.0736415788035493
0.10760161396001905 0.10685629664653971 0.10650538013305648 0.10588233117410252 0.10492395254964314 0.10413957419678313 0.10315181183011651 0.10292246496453789 0.10281929683175853 0.1020939328963721 0.10136475552540092 0.10015258953009692 0.09945380858090887 0.09852565191051287 0.09692380985858598 0.095900125408044 0.09486894817806077 0.09389521864277003 0.09256196931273802 0.09147573598823605 0.0893018724161671 0.08757425273931649 0.08584488775851559 0.08368054654580377 0.08172387184127175 0.07958794661620955 0.07826901277902855 0.08025354608335034 0.0802176306785444 0.0816597264601302 0.08355590370894209 0.08414096732719653 0.08444222346119261 0.08367418037032157 0.08246927603039567 0.08091695724894794 0.0795848572039397 0.07775162928801145 0.07519321514406792 0.07477486802841946 0.07582215703767609 0.07479700694486985
