resources/Output/etp.asc
NCOLS 189
NROWS 177
XLLCORNER 690600.0
YLLCORNER 5139200.0
CELLSIZE 100.0
NODATA_VALUE -9999
[rows 133 to 151 of 177, columns 0 to 42 of 189]
-9999 0.0 0.18264511065521852 0.18140136963743514 0.18049336816576092 0.18176253992231733 0.18248931586952102 0.1838618363930438 0.18045192611933888 0.17900676310833735 0.1790129809020151 0.17757840105049494 0.17747433789175723 0.1839242598267439 0.18022189955891305 0.17894171118605043 0.17564418353657918 0.17121740949176742 0.16748830901676542 0.16553896441394048 0.16546692393100312 0.16619184301140352 0.16735933771279385 0.16792941475088155 0.16769511837722434 0.1678614586989909 0.16672598965226226 0.16536891321713348 0.16443495048138862 0.16536658424746445 0.16890668325823904 0.1720813139407387 0.17550971326290227 0.17720649756344278 0.18019904424748223 0.17959497781159653 0.18168434740104933 0.1786749096780273 0.1761825116263298 0.17548178895982722 0.17322434578253365 0.16957706497798708 0.16476884374895184
-9999 0.0 0.18407322093620113 0.18447814845025398 0.18196470515922775 0.18164455917820707 0.18291853026265323 0.18262400390962794 0.18166099199301805 0.17834725154150605 0.17944314107636367 0.1801667346353282 0.18020999260863893 0.17770070996195012 0.17572308077919888 0.17305850572556306 0.1715602536018397 0.17005705531209275 0.16942685260528498 0.16957713659741258 0.16858501258664937 0.1661480327763232 0.1644698097648432 0.1638332381711584 0.16366761174259498 0.1639310210844514 0.163156613876512 0.1629544654234824 0.16298554898046244 0.16627025727209918 0.17109531534959063 0.17215755310672437 0.17682866400398664 0.17569484858250603 0.17558312369076176 0.17776916884516678 0.181899344084821 0.17754412541881773 0.17589015831289764 0.17408035910363864 0.1730830446598304 0.17149744960948318 0.16622089609700838
-9999 0.0 0.18004832007434166 0.18209969978636034 0.18390618008055784 0.18317613195714869 0.1822649663674603 0.18182415363889742 0.18155550527575565 0.18001207272980377 0.1778525200782039 0.1764320635906495 0.17524907742900606 0.17525449096203657 0.17385084963235897 0.1717817753511925 0.17137562725590544 0.1717021316680165 0.17320088573389547 0.17535410449982916 0.17241554354503075 0.16869970909012663 0.16796669421098334 0.16760490435724257 0.16856403563908057 0.16674223783709155 0.16426385124277484 0.16408741595485704 0.16285166918274074 0.16485121193659938 0.17034470449180444 0.1725352661760935 0.1724468863302402 0.17354369415005044 0.1771309805252067 0.17662012181851217 0.18066678059594718 0.1774186324366358 0.175292623962675 0.17425331963968727 0.1734088050331494 0.17212171087846076 0.16771170848888178
-9999 0.0 0.17718030498510842 0.18036024001264944 0.1801692805990512 0.181053523639657 0.18267081655426695 0.18067874245397786 0.18277253557933193 0.17933093058431265 0.17916285304888563 0.1786691983635232 0.1785711064647923 0.1771857323160913 0.17525159181946556 0.17321937864083028 0.17318614849341013 0.17443996227501823 0.17716055990251348 0.17455768417921924 0.17193876296583155 0.1709054286323733 0.17073413705123072 0.17151377388319491 0.17211007058898176 0.16741684642096932 0.16697035769108098 0.1695426600599771 0.16428540994995794 0.1632438879147057 0.16626207699689466 0.16984371579757016 0.1726102423498095 0.1741795255269925 0.17400901779232078 0.17754862154708487 0.17751656564899462 0.1812334319652662 0.17653778755517657 0.17473672316489708 0.17347319867071434 0.17181540722896474 0.16912587695773987
-9999 0.0 0.17752478990086534 0.18216399244111794 0.18421568958400933 0.18534828808467177 0.18089317013510797 0.17953295823602736 0.18105413414991486 0.1826834902266198 0.17951709667226695 0.17937465448240156 0.17901511817980292 0.17837875096986044 0.17686893488799824 0.17500939481498837 0.17538857152055018 0.1766623032849312 0.17945148773809516 0.17368347060400474 0.17272653480339772 0.17267145078594914 0.1716891923291712 0.17555269675491628 0.17225347236386004 0.1686802407337855 0.1735145619410577 0.16888972400768548 0.16602911248170169 0.1632636865106558 0.16336375459067207 0.16741282774704852 0.17287766372451635 0.17240953494132052 0.17360034836348157 0.1754926053447737 0.17608000885691352 0.1777909482766089 0.1786499245812662 0.174612814117033 0.17308358006850172 0.1722188447700612 0.1700536997606945
-9999 0.0 0.1794650154491416 0.183621046928846 0.1826323693070455 0.1821039179931548 0.18079938155340244 0.17876642170229387 0.17953728364246674 0.18337784130541263 0.18134028154325732 0.17963199551167247 0.17901051688542502 0.17838791666586942 0.17705750755305358 0.17627953416101008 0.17671948706485507 0.17917778563185635 0.17491218697031483 0.1727786287249385 0.1755624343971008 0.17204775336875283 0.17349074867833145 0.1742813646107292 0.1727457475041759 0.17041946917376521 0.17531128355644093 0.17149549011934218 0.16780709845923816 0.16537208582390658 0.1633060395458805 0.16305776641894665 0.1667712892271587 0.17066229448510456 0.17311314470228312 0.17306935750272856 0.17437970752419535 0.1760781262852325 0.18015686690819632 0.1755083315834797 0.1730812631944194 0.17356655324488476 0.1711567782262363
-9999 0.0 0.1814988485347436 0.18357684686079231 0.18280645525332595 0.18077128479906013 0.1822251991897171 0.1789353993722277 0.1799368681233324 0.1819800643838688 0.18409874279705504 0.18083647195254704 0.17999150154631982 0.1788213410407865 0.17732449361512156 0.17815770871172748 0.17797220103746894 0.17726619457788795 0.1770832361515123 0.17570825375439336 0.17778949406966196 0.17321555689546883 0.1755217206299649 0.17519461296847819 0.17528244011120314 0.17413336811154193 0.17576580079920914 0.17396844499111425 0.1709665930780684 0.16844347524440442 0.165796569379246 0.16373168122426499 0.16296423374906618 0.16660941672412224 0.1705015441835212 0.1724092661665948 0.17474138827489633 0.17703251645741347 0.1775677148155475 0.17969149872871873 0.17542941359155648 0.1737075882647405 0.17227906713373772
-9999 0.0 0.18085302765855296 0.18183822488435167 0.18163775855800549 0.18026716810540186 0.18019521315355716 0.17879146117597716 0.17850541529640387 0.18263237092359827 0.18231415870174142 0.18256484537122872 0.1795580821048299 0.17860087629877994 0.17777766241003337 0.17746314924678663 0.1772769399180923 0.17812048640903944 0.17709220601390968 0.17830937986189782 0.17833208043797588 0.17531219521874064 0.18172426234148584 0.17671133689272084 0.17867073346400725 0.17555436859433646 0.17342032940231222 0.17469395730091433 0.17370518944617966 0.16956889912792222 0.16775933451342073 0.16538224985466482 0.16370375993761224 0.16295941605055825 0.16502738771472436 0.16873035682954024 0.17074372350463426 0.17219000998178105 0.17293078116228605 0.17372272929810167 0.17581645908783233 0.17655912047686223 0.17178724194240302
-9999 0.0 0.18039301603874616 0.18136504607583695 0.18234938129781023 0.18038947580380213 0.1808924313474102 0.17808824544824128 0.17983147171674335 0.18289643856035376 0.18379527002145576 0.18355714576531534 0.18172551733594405 0.18047185266007487 0.17861114929128918 0.17820178625293717 0.17772756001110068 0.17744809948927742 0.17738597549076224 0.1783496876248476 0.17884343628662105 0.1803010720214186 0.17915147401040094 0.17739165793478057 0.17383928554490455 0.17250803604375983 0.17052761234378036 0.16947509307980774 0.1684339229863561 0.16962560396365614 0.1683506864914234 0.16567087683062912 0.16457822564289074 0.16334825700517072 0.16345495940041654 0.16525683343227873 0.16762318152923536 0.17010018491900114 0.17128690699536608 0.17283614681943615 0.17300082490234156 0.17291403692712953 0.17557227158183245
-9999 0.0 0.1798923827666472 0.18131220364329897 0.18515919570525782 0.18266056534005745 0.18100895582706797 0.1783785386197245 0.17910570985191065 0.17981922007307383 0.18005511500555646 0.18374352541696098 0.18213742511510173 0.18250615372065884 0.1801623501941809 0.1790974744943434 0.17811081974097995 0.17754235426385068 0.1773232764256834 0.17777990370123337 0.1778912290957162 0.1768913216159259 0.17602751293238744 0.17317662592709032 0.17006794092630814 0.16759818793953696 0.16626633812567843 0.16565809049270697 0.16487559310398672 0.16586590516971203 0.165635207025081 0.16552582765089247 0.16394102678855496 0.16356722304457502 0.16354897944947563 0.16415146335438266 0.16586636671351854 0.1689082589095709 0.17365866218720116 0.17487458146015408 0.16996281298745902 0.1695409114944648 0.17155548218170275
-9999 0.0 0.17984075747614872 0.18238660014147587 0.1850316007188882 0.18333662859967653 0.18057067998950435 0.17564196819690317 0.17407995887686809 0.17530173528538556 0.1795834886525221 0.181436535863603 0.18165311811408213 0.18042022187843737 0.18182590087048153 0.18275471217850675 0.18001094209045035 0.17791210820989917 0.1775822946075627 0.17772041702212263 0.17911604639064624 0.17860151411771216 0.17719784580935735 0.1746006736003046 0.17024760202633188 0.16957315266851022 0.17055943221511133 0.1703178561956353 0.16716534152020185 0.16410191668343516 0.16404096223193657 0.1647616653392958 0.16467591975110477 0.16392936827914403 0.16378888572331932 0.1642836816513685 0.1653823877191626 0.16822423150729351 0.17067401367358226 0.17205628165859732 0.16944840795313157 0.1673665590838246 0.17333987112044447
-9999 0.0 0.1815738527184696 0.18191067535776337 0.18270564798089028 0.18276132444288185 0.1784270999887332 0.17257725013540098 0.17041656232808158 0.17168963370073204 0.1779454653806206 0.1823614431410873 0.18495032204295767 0.18161618249095288 0.1800616869673388 0.18074652136457672 0.18213242391714335 0.1808479417413353 0.17843204915294364 0.17845381977800998 0.1785803089437381 0.17843264415669668 0.17761139468304618 0.17376544011967984 0.17125388993486143 0.17240180942904612 0.17596357203381743 0.1715721659351535 0.16917716011452893 0.16764665924215216 0.16453554529192624 0.16338907475075418 0.16387874693771448 0.16385044420562767 0.16385007908608246 0.16377317159760388 0.16441987614514467 0.16564217563232617 0.16869431015936073 0.17117676602730564 0.17113736709915148 0.16739468674341343 0.16898754117884654
-9999 0.0 0.1824863499399745 0.18261001105002936 0.18577230346019744 0.18412349451595772 0.17853213205244148 0.17405561940889178 0.1715691351657611 0.17046589121695704 0.176056971122889 0.1813855794715681 0.18473844186182356 0.18141967029063283 0.17771821455887185 0.17824880423138206 0.17941529616156338 0.18002358507511346 0.18007184518183872 0.17856549796269341 0.17931842728441533 0.17849482340688985 0.17873946779768798 0.17421888627189594 0.17288257945693233 0.1758420715299506 0.1748566530633678 0.17135762793712178 0.1722864016720346 0.17341645020318583 0.1685489423717136 0.16521546579265162 0.163396221796904 0.16343396680972197 0.16351965002697752 0.16393812285294285 0.16466166216962835 0.1660607410159176 0.1686284494151948 0.17003021896420079 0.16901100695344773 0.16751775870858454 0.16809918986327754
-9999 0.0 0.1810418664790768 0.18295304220229683 0.18121421631428075 0.18203479250069476 0.17992529046460706 0.17913162080127412 0.1721594470213891 0.17109302343115193 0.1751519777533684 0.18000661896350617 0.18368390314220046 0.17686506626209075 0.17371580693522112 0.1730121083778269 0.1776843211000332 0.1802095046419716 0.1809946813483129 0.1798221528772031 0.17812585850851834 0.17757346925987147 0.17826100517434798 0.17488855312821755 0.1752310889735687 0.1765293125157332 0.1730797099919392 0.17347995339083744 0.17422753132627244 0.1721592755202176 0.1716266789363559 0.17000724341499843 0.1670213794726491 0.16475622561264222 0.16392789993300128 0.16425694565998278 0.16525722414258742 0.16775668328658677 0.16891069713719772 0.16634154943993568 0.16706708894928843 0.16709545927631808 0.1683514842435113
-9999 0.0 0.18236878174480978 0.17963458600050852 0.177892895800258 0.18062201910884812 0.17772979289544044 0.17387836382547353 0.17076083178036117 0.1721400922264518 0.17625340283618238 0.18105905322980229 0.1791042854159767 0.179179275091695 0.17491672918221773 0.17164304702250963 0.17417092225763556 0.18005399594204197 0.18078864254842839 0.17891803150231608 0.17843956872821556 0.17721744275333284 0.17728072664434782 0.17583986768293078 0.1772193257834768 0.17501281429034712 0.17466269595361866 0.17677592569743417 0.17550404539372688 0.17414113642268017 0.17458300806597746 0.1728709379145339 0.1710199525583015 0.166674369035674 0.16442472115763967 0.16419675170092501 0.16468406130583713 0.16546252119127247 0.16620743353718517 0.16553117795908281 0.16589873038693623 0.1665967602946284 0.16984377152838925
-9999 0.0 0.17997366526455996 0.17440296048303547 0.17534451489397873 0.17913086274472315 0.17875652138928047 0.17368746921916897 0.17070459430565554 0.17194937436920274 0.17824955173548798 0.1747016188890803 0.17601580982159007 0.18221829293000819 0.17785427026255468 0.17503300475739472 0.17135100179235024 0.17506883740282425 0.1785543273464125 0.17920771842864378 0.1785062282911937 0.1770506103439542 0.176498110787619 0.17620631169107898 0.17486820984642934 0.17416246771837673 0.17590025535004922 0.1751859088021369 0.1731458829915935 0.1708237617856082 0.16997393595641944 0.16904446863162245 0.16712271228793799 0.16508611456500766 0.1641607128188442 0.1640942293777922 0.1643339538292465 0.1647977892579699 0.1650881560616218 0.16544684609301913 0.16557090050865067 0.16632484591957702 0.16805959118986857
-9999 0.0 0.17414914175786675 0.17067149713634994 0.1734690367419071 0.17796199205655153 0.1775880558524179 0.17258149610718837 0.1706530471887177 0.17192226274038266 0.1737027006021838 0.17264370354365027 0.17901416335744183 0.1764306710083425 0.1753443746591451 0.18056118543813987 0.1719849701020647 0.17272237873567636 0.17686004194052127 0.17883657910058975 0.17812866117373052 0.17815719334393465 0.17703244554515649 0.17670374738231578 0.17562148032221997 0.17551820721508432 0.175644308987674 0.17659888151598402 0.17381057728256039 0.1726394298857846 0.17143660855515117 0.16814259583343186 0.16606058627178114 0.1644913932462678 0.16392125478169703 0.1638826298759817 0.16397862115525336 0.16438816493143218 0.1646589926021209 0.16524756791662026 0.16558521365839388 0.16574146209413998 0.16831908211705918
-9999 0.0 0.1702256468448983 0.16980668902139756 0.17220434811175475 0.1769711477621924 0.17794520604961664 0.1717344829813751 0.17033033403414857 0.1717880675434722 0.17135460660345084 0.1721144363795366 0.17352357738187368 0.17288392285176468 0.17474244188453894 0.18050046579690007 0.17180818556776928 0.1735718494643464 0.17833862738649167 0.17866132132490853 0.17847047883165643 0.17929475928131197 0.17802968002127253 0.17716365106413381 0.17630695934500187 0.17638418217890797 0.17680794126501514 0.17666076654129112 0.1762885115525467 0.17605534101690337 0.1759168663270515 0.17419635364245206 0.1728961529320812 0.16671231718836932 0.16412051769338123 0.16366477307596314 0.16365294212967207 0.16389426680466707 0.1642826532608442 0.16519121967854955 0.1653131672876781 0.16555172757854877 0.16676923226477078
-9999 0.0 0.16965647761707278 0.17004297595341047 0.17149052335065593 0.17266343125620226 0.1739794118033216 0.17196948763620426 0.17039682767281708 0.17062751599403306 0.17057267912009702 0.1701870718146049 0.17004434661724843 0.17145651208756915 0.1740292266847581 0.17725168273736971 0.1716604405917719 0.1732496292513208 0.1773480601531847 0.17531988406262325 0.1768111380705653 0.17759727548650853 0.17905504645669848 0.17781915311992616 0.17642612677896138 0.1762273236523731 0.1762381712648148 0.1773072912435476 0.17731832990563556 0.17585433761185104 0.17592390851548156 0.17578638965890492 0.17286144931464079 0.16890022861340076 0.16506901949784217 0.16363119885876243 0.1635921127434047 0.16360507115603487 0.16381268626060383 0.16419704679662536 0.16471502964795143 0.16542824516671328 0.16625055902651265
