resources/Output/etp.asc
NCOLS 189
NROWS 177
XLLCORNER 690600.0
YLLCORNER 5139200.0
CELLSIZE 100.0
NODATA_VALUE -9999
[rows 19 to 37 of 177, columns 86 to 128 of 189]
0.17315279805373876 0.16921039880067526 0.16608544804099398 0.16452855102702635 0.16377484227354228 0.1637285632646173 0.16243613033780063 0.16201087445691448 0.1611601780793554 0.1600181479579039 0.15977040507728227 0.1593651595091767 0.15947044514219086 0.15982175685995106 0.16017754706952178 0.1602913857103532 0.15772323677121758 0.15775544712976083 0.15802682736264156 0.15675491763552776 0.15628149433389102 0.15547540610105692 0.15552384285177573 0.155393850869798 0.1555044111503716 0.15535490405685684 0.15412019767459637 0.1542920987803764 0.15225128720091013 0.15103733306119313 0.1512217490781463 0.15262853175230792 0.15189429916105882 0.15210005362421183 0.15408870109401435 0.1552081597053833 0.15713437467520142 0.15783911701866188 0.15790452935846733 0.1559330267199014 0.1555687504958212 0.15494269399379978 0.1560199506163204
0.17755974460904655 0.17828267106703732 0.16855036246737656 0.1670203383946467 0.16518800052043003 0.1630350367631557 0.1611130183451926 0.16038960282190143 0.15995831687426953 0.15961778201092036 0.15969570187669663 0.15940877585744598 0.1590783500714135 0.1586302114641509 0.15794303082247693 0.15743836385503274 0.15765637901968263 0.1580545579513768 0.15907029133657966 0.15973457338411146 0.157246281334623 0.15673989423146864 0.1561558820072047 0.1555934034130698 0.1556473124314473 0.15527948305637942 0.15297590879398748 0.15520121412442028 0.15383171121316674 0.15229231845726318 0.15204954244103183 0.15126467048218042 0.1512313511099864 0.15285502357687303 0.15449793945596116 0.155758220024417 0.15726522732121448 0.15742781573102785 0.1558410061687252 0.15571128084601762 0.15447366115909178 0.15535747950186096 0.15448557175851566
0.1690301582827845 0.16679428323617956 0.17959727369054249 0.16742973284605395 0.16465373162646962 0.16377945918598508 0.1619771553516336 0.16123660014266297 0.16031583969981794 0.15973786093793008 0.15928109597646803 0.15958980202458162 0.15920506353281005 0.1589982918029001 0.15878608845858963 0.15829238668068404 0.1569061586808392 0.15718379632429566 0.15750262876545226 0.15659000401609344 0.15609802881770873 0.15641845860271528 0.15643895521936396 0.15676230340530248 0.15604574532040466 0.1562636660076707 0.1543022364373653 0.15391549234255272 0.1531169616631384 0.15229105382557928 0.15203210395687872 0.1508265143026133 0.152361594907807 0.1536547249511047 0.15567060264495158 0.15703915233238636 0.1568395078985211 0.15661697273862207 0.15569498711724422 0.1550748455125698 0.15416384937252736 0.15445716455714897 0.15498440808235855
0.16685324396313178 0.16653414673582345 0.1715104461596289 0.16765531982148243 0.16582449950543687 0.16376037559978118 0.16185786815127853 0.16150457101295743 0.1608689109091781 0.16043448116069264 0.15945218278663703 0.1593625140495666 0.15921724967376874 0.15889490518015728 0.15914006189822894 0.15893734678268434 0.15703157477148327 0.15710915575477366 0.15621503940848097 0.15594183757557908 0.15625792925950682 0.15575216123033658 0.15595305538188642 0.15569887450326356 0.15531470059581534 0.1549081255470022 0.15492105007342502 0.1533106660334759 0.15264414656849815 0.15218797814768517 0.15110406163943796 0.15027681646585875 0.15462213112257198 0.15487774161032397 0.15528319750263797 0.1569606295280325 0.15610867020125385 0.15551585691408992 0.15531789061627627 0.1566749245211153 0.1535895315904669 0.15543910422696883 0.1544958819667699
0.16497113948177888 0.16426865377266123 0.1655815459760729 0.1654220247105038 0.16609248600816354 0.1635255931289659 0.16247857694547252 0.16281762537263952 0.16115525487771237 0.1602549514768974 0.15983357425029318 0.15940587287817878 0.15930855689075063 0.1590605408573385 0.15860425644753276 0.15870488327573695 0.15856003062488244 0.15671419376057866 0.15565615690564766 0.155245169863089 0.1551922197909339 0.1554511360495288 0.15629849845898217 0.15548261128705493 0.15621101304183002 0.1549952824861479 0.15389100571885378 0.15335487813624996 0.15276589839549481 0.15230863144044743 0.1505816219835751 0.1501590487334691 0.15417162396359368 0.1550186502544218 0.1545867133749066 0.15498181336277514 0.15563463005378841 0.15499972471120788 0.15575234319345588 0.1573516191204467 0.1520865576872249 0.15733795290660615 0.1532946092424639
0.1619628183447797 0.1614725277497125 0.16521362271959417 0.1658600642816511 0.16464816215948067 0.16549018948994465 0.1638736450538463 0.16232805483296592 0.16162219405390732 0.16060731854163593 0.15982938904620891 0.15939845051530133 0.15924425599817654 0.15889907318562196 0.15883659005547118 0.1581754196725297 0.15755851509933694 0.15659565543265677 0.15607576182654057 0.15504141072554042 0.1547805056211035 0.15562476065339256 0.15635225427215413 0.15596044191188993 0.15612325487680584 0.15504373214632253 0.15350404818291216 0.15341965808452895 0.15242314810392488 0.15245693369601918 0.1507665963054385 0.15082009230346544 0.15535351085154647 0.1549701316481398 0.1543039290277169 0.15521815844060546 0.15530761323020717 0.15425839967389213 0.15546833843305277 0.15732975377594594 0.15158416647829165 0.15687493442098194 0.1540538306986981
0.16154654949847772 0.16179413328492842 0.1623481370500136 0.1676772730448746 0.16484951872881692 0.16537910609619597 0.16332115552282842 0.1654035399434051 0.1622889098776585 0.16122510339814758 0.1603235711192626 0.15976621247923514 0.15944236795693653 0.15901115792736167 0.15865826033145394 0.1579693083278623 0.15718129842377052 0.1565591111071214 0.15724310175324535 0.1548528286847359 0.15466359317815115 0.15529920915073886 0.15538793277543247 0.15555364877642636 0.15504057118411718 0.1543076427939285 0.15489210168697182 0.15262343900372657 0.15137064989575397 0.15185257448332057 0.15169350795699688 0.1509590079339902 0.15485927538503463 0.15327030610274656 0.1539038659595285 0.15445202132429553 0.15438697295656456 0.15431634089469445 0.1537471265900207 0.15577619550798388 0.15361214082234778 0.1551928091267049 0.15489883740355423
0.16137205789991543 0.16134600899157672 0.16192305090957884 0.16195319183001408 0.162040749498357 0.16251038884829658 0.1631063515669737 0.1633999665284033 0.16458820534368793 0.16288496686651072 0.16091503699380674 0.160233551636604 0.15984336379100147 0.15920059294970743 0.15878236756232347 0.15827306997412416 0.15794714827869216 0.15661897362830135 0.15675210598222863 0.15515100621876995 0.15461458403034326 0.15451314911085717 0.15532897999444653 0.15605263377334308 0.15568397656561664 0.15405730540742785 0.15510988888743352 0.15317505646132107 0.15128065022051587 0.15110781497158465 0.15105721737938255 0.15214594274555007 0.15280749490508047 0.1538806466060381 0.15365468974327287 0.1540250690119796 0.15489455160793997 0.15433590026837266 0.1559142912679088 0.1545841802400892 0.15035888243809817 0.15847543254043892 0.15585076953547725
0.16136046563249443 0.16148393651809653 0.16150363669614895 0.16115381949669147 0.16250727081350907 0.16225297314745823 0.1628622581233378 0.16335450032140408 0.16371956305644605 0.16547967798832822 0.16239482392162652 0.1612844160391007 0.160265934159596 0.15878697901153188 0.1585133151711955 0.15867140693025444 0.15758819062200763 0.1567219853209748 0.15640339445514592 0.15635056982139497 0.15419653905202005 0.15441225816119972 0.1554217950246792 0.15687605448790173 0.15591702500512644 0.15496067718849268 0.15442814647347697 0.1543224182863354 0.15291715766069275 0.15124120347408015 0.15086533005430827 0.15142645706273397 0.15322203421377745 0.1531701146433258 0.15357104738396005 0.1535607933936531 0.15382164250136968 0.15438765029457127 0.15583665602753155 0.15020801008870924 0.15629857415124052 0.1608227623291535 0.15655249692658557
0.16122152338835938 0.16161004583585076 0.16060234358839295 0.16043655304719545 0.16256545057654945 0.16208625318151298 0.1623829954065023 0.16330904956228004 0.1634465424480202 0.1630618932213957 0.16344769840812212 0.16201344840951398 0.16212899901020708 0.1601844440080371 0.15862894406645298 0.15832633141726624 0.1571637016640313 0.1577990789801018 0.1562025060180984 0.15580246135311676 0.15418905093236757 0.15383990311448636 0.1548542138175854 0.15674182933219738 0.15634439079310578 0.15593144015579571 0.15565937661201146 0.15498591246329235 0.15425377046814287 0.15249595803883081 0.15091719093783826 0.15008397217331276 0.1521355848255818 0.15192646038060326 0.1528234851708312 0.15333811168135228 0.15263606371046276 0.15431485480648796 0.15317824471762118 0.1499242529874489 0.16125718082112275 0.15867609133984525 0.15787725727783147
0.16318544196759924 0.1620840456290084 0.16117702916736484 0.16264031419411487 0.1617434856601512 0.16158251968818532 0.16212571074483242 0.16237716072107045 0.16244751566076082 0.16251541707676215 0.16236373071832727 0.16301183533327968 0.16263955869685648 0.16272723117422852 0.16088084704632688 0.15944655023801516 0.15873748335432622 0.15737423189859817 0.1564858123294007 0.15536309901240675 0.1543048350756571 0.15342278848519128 0.15464702493255408 0.15646558263994434 0.15634218911345707 0.15618669780107322 0.15642460142077355 0.1560312647622999 0.15482685605184118 0.15345908021576163 0.15117517601433364 0.1495395991720773 0.15230232798510207 0.1528661312806293 0.15338984698969005 0.15331159335451275 0.15257481559909641 0.15517100004655118 0.1498807360509478 0.1578843986244405 0.16091216686559154 0.15757894453678356 0.15738978543291116
0.16027860459448956 0.15919958973750342 0.16205452338243254 0.16157824687142533 0.16189681682217208 0.16180075959273657 0.16200662161810303 0.1618473779494188 0.16173661975595374 0.16180123332851754 0.1623383038384316 0.16239882641843906 0.1636324973535515 0.16313416600854858 0.1623298978592803 0.16130246870098908 0.1598633107620686 0.15896268304191513 0.15705874334723602 0.1563335689568964 0.1540360228436333 0.15296845708583123 0.15419615391749145 0.15748325226810705 0.1562206411818266 0.15634063912573437 0.15622045702905177 0.1561551451477126 0.15693473700771074 0.15517429824918605 0.1538114130126188 0.1506367778195504 0.1513482248450911 0.15353031538196274 0.15267590491942323 0.1516764149213656 0.15299638845516011 0.15355988884844118 0.1495047580771244 0.16052761694483847 0.15892698773151434 0.15853544562420874 0.15681297950870252
0.15771987868953122 0.1580907740497697 0.1642178992431415 0.16137963401028585 0.16188723039034683 0.1627350955580196 0.16195236665131968 0.16169810041184177 0.1611173809182276 0.16096947866861047 0.1619134079708627 0.16194594006932622 0.16318187235644935 0.16250968518179537 0.1631821013232331 0.16254623719059155 0.16207015648241585 0.16129428514576608 0.15801765421072228 0.15702921735850228 0.15699809013224422 0.15231416997332525 0.15541445837932846 0.155155542094469 0.15631164827861127 0.15620569406718568 0.15621439466662856 0.15595432652216928 0.15650892443761108 0.15748117275976184 0.15431760717681295 0.15387186930927585 0.1505561610596129 0.15120856707030636 0.15430661205110133 0.15173943740555154 0.15224560065887632 0.14875047561458046 0.15255258084554424 0.16055686775235903 0.15906527551885385 0.15852867185112723 0.15582729843917092
0.1537262811623188 0.15795279545250257 0.15914322120183957 0.16057931908362139 0.16080132291472163 0.16186156825030287 0.16089711195756032 0.1605247416303727 0.16100157105100138 0.16045383839720168 0.16105739119428117 0.16141026744956008 0.16225849353634988 0.16179426048263407 0.1628008934773112 0.16223039925428043 0.16226300349447653 0.164249833266271 0.15960709042806562 0.1579111351097975 0.15859110134449195 0.15415633587473931 0.15437985238432525 0.15445878549276754 0.15547121554312487 0.1563083717115931 0.15671575044217928 0.15626411840734172 0.1558121374871392 0.1558685809832948 0.15614521752059085 0.15187984186217623 0.1491276251615868 0.15017549662551627 0.15017168158024716 0.14805244855681995 0.14827769231684282 0.15255729229628912 0.1562781655027161 0.15768168020541615 0.15759702367932601 0.15713929525461295 0.1553435433983054
0.14875048258146303 0.15232116170271018 0.15831981214407986 0.1605905626792255 0.1597167592473675 0.16264377850731468 0.16088206690609932 0.16081970793026415 0.16030719495924073 0.16121047717971013 0.16146460351960476 0.1608097215351535 0.1624299138727183 0.16120812171449292 0.16491092920411 0.16035856325668438 0.16077059087258114 0.1621220310715726 0.16130628717963388 0.1641134174240462 0.16086882065706049 0.15557426953500667 0.15432279476581487 0.15494858448673637 0.15556775344491489 0.15654153069134868 0.15491799824805394 0.15517652427589418 0.1540493983554224 0.15502124633141623 0.1520154496000471 0.1537321171963775 0.15082566140219977 0.14559637074249238 0.1473349030324693 0.15131823214041334 0.1547654262069948 0.1563472871324393 0.15730575102464456 0.1553420162456164 0.1566340523611388 0.15878152120443653 0.15644415791466554
0.14681795101749057 0.1474694551593366 0.14970476553025086 0.1533463137721092 0.1573813606155057 0.1629747545434955 0.16127177235045922 0.15968895123486412 0.16018639887493635 0.15981939210594262 0.15889847760789852 0.16247927859733638 0.16057713045069033 0.15975280046508095 0.16009983459724325 0.16024931279593654 0.16022422362682975 0.16357585079291231 0.16030146677973095 0.1600017474757906 0.16026386966779835 0.15593999725964042 0.15472471559709794 0.155243297195467 0.15507770702152754 0.15503387405833147 0.15449388790828764 0.1537607533443774 0.15433893372711988 0.1541460830565725 0.1550775119955859 0.15275038383034628 0.14918853135363738 0.14504889433872778 0.15105566259422504 0.15807059483646957 0.15828210789817385 0.1564508369973474 0.15716217224043608 0.15833508389826695 0.1572719628036135 0.15753986029443354 0.16011641829445022
0.14674206987507338 0.1463242757382997 0.14645367336535986 0.15076949715812102 0.1590595000125558 0.16140672133200373 0.1577500132065286 0.1576243772887672 0.1579564541224976 0.15837349296525907 0.1579501093334653 0.16144952754043196 0.15933357270338724 0.1586916263575418 0.15900286534461539 0.1633208478648299 0.15782620206064385 0.1590000231995016 0.15815087761031996 0.16175627150162086 0.16098510282185724 0.15784975960602113 0.1546574886688082 0.1552395313338725 0.1552447481290512 0.15622602892571713 0.1551075803982551 0.15410436663741206 0.15414766290934007 0.1533133443740511 0.15326428250540938 0.15278569159097816 0.14894752229771585 0.14734465775596856 0.15588648428866078 0.15492376893878412 0.1566735844011987 0.15591919997877063 0.15471086684176236 0.154043591959437 0.15623974437839935 0.15914983270817795 0.15684999727514443
0.1471300200914825 0.14635758110178543 0.1462519632254314 0.148082229856083 0.15192100129764327 0.15429074837379522 0.15490025430592286 0.15936479410861995 0.1594807769897274 0.15903583993492987 0.15713142756695053 0.1574829599524894 0.1582201359374562 0.15674782647542732 0.15856283148535527 0.15758026071899608 0.15760831016331048 0.1589896319066298 0.15633777500627305 0.15919826071703974 0.1577436442064702 0.15581223268032002 0.15547971855840115 0.15609535769722946 0.15538168515057635 0.15656498711185604 0.15365333346979798 0.1534268534270006 0.15242154258224236 0.1524450393990956 0.15215333762221728 0.1500965237029993 0.14351801702804995 0.14983449816858177 0.15268895819087508 0.15271267796488497 0.15381170260030436 0.15345775646438978 0.15386312248216527 0.1554097747740131 0.15760468477933254 0.15596500068967087 0.15555091709225907
0.14580193753075096 0.14565303035868374 0.1457023664312638 0.14600709728139433 0.1474736489814113 0.14879534208101122 0.1498759962012217 0.15156832779244073 0.1532079197797774 0.15654875704738438 0.15528828966770228 0.15747454107257053 0.1569039104026244 0.1554460215499689 0.1556264414410646 0.15634172304208574 0.1553048698701018 0.15721404395955546 0.1565789944758088 0.1559876911389025 0.15584300260200534 0.15440205125984896 0.15336347585136084 0.1545731159752427 0.15508697607826746 0.15434690824348213 0.152166800585391 0.15400762478977614 0.15320787485284584 0.1517891512536264 0.15191857980905205 0.14804638019661226 0.14789090899204113 0.15129496606613152 0.1515663442541983 0.15155478903373773 0.15291723300422222 0.15537041546253652 0.15483590173973522 0.15652545471089455 0.15854841641610445 0.1546183111626252 0.15437490515374958
