resources/Output/etp.asc
NCOLS 189
NROWS 177
XLLCORNER 690600.0
YLLCORNER 5139200.0
CELLSIZE 100.0
NODATA_VALUE -9999
[rows 57 to 75 of 177, columns 129 to 171 of 189]
0.15141856233218637 0.17057447197327485 0.16170018081630766 0.1617456798130183 0.16555952584702582 0.15819305137200562 0.16012691651375963 0.1566849961003528 0.16621041198955205 0.15816657415639898 0.1536891012919576 0.1505232776045921 0.14668189741447268 0.1480753204935373 0.1496181489478784 0.151373871011363 0.15246588070222059 0.15166600678411657 0.15127599428275396 0.1518873426004992 0.15114697436553665 0.15136694468749765 0.15133402867565862 0.1506029162338677 0.1511744162881362 0.1531962289851838 0.15406533459155142 0.15436703939843743 0.15437402500466232 0.15473237628700526 0.15477693832217268 0.15465109340477265 0.15523484081001185 0.1554211053026753 0.15561525716954663 0.15686171959991793 0.15784137044706073 0.15831335363408727 0.1566162249721672 0.15515769370875837 0.15077985985114314 0.14833240338398165 0.15653054429803243
0.14156567846378423 0.15067739472300484 0.15521272607374906 0.1558892415744171 0.16023871606511972 0.15745381111926346 0.15127620924502122 0.14889361592698303 0.15215777494601973 0.1562135360249391 0.15275956157006834 0.1482942474940963 0.1456443232431505 0.1486298748069329 0.1501873440425531 0.15014178425444644 0.15218627128356157 0.15331715197068915 0.1531324595963515 0.15192355725778434 0.15160970410508956 0.15256710852535485 0.1525892175374074 0.15081376610300545 0.15113245724778818 0.15202772077724158 0.154218494591872 0.1542271523581181 0.154086076912209 0.15435083689364162 0.154570640870662 0.15472233559956342 0.154595840038405 0.15511067414449115 0.15453420827897096 0.15591702603836316 0.15901849852404357 0.1585121679142842 0.15876571040369844 0.15748605229695006 0.15693304424330196 0.15151492090577479 0.1469895697802533
0.14760148961608027 0.1438771873913047 0.14148315035671416 0.14406231562777536 0.14734095465188768 0.1541183376615415 0.143917004205819 0.14105262364397897 0.15532190810013113 0.15808386958345141 0.15473091686760643 0.15004750072144818 0.14754385767673805 0.1517432511790581 0.15924145246100024 0.15599545409232599 0.15430330281695176 0.15367290432843786 0.15434670577225185 0.15270462994963455 0.15267370146028067 0.15279410869877322 0.15287442528276307 0.1522192150697494 0.15258634588407535 0.1528435635953136 0.15369259516457462 0.1536423530643265 0.1531895283556939 0.1533821833746252 0.1536510655895239 0.15485224959437816 0.15391341579324658 0.1542777526439355 0.15474472673649478 0.1574251045791036 0.15920888550181056 0.15862046375475997 0.1591199957940428 0.15672434116632117 0.15579211620547923 0.15348467982885378 0.14842075553525172
0.15332443191995204 0.15175174488815765 0.15034097131273286 0.14614270560555384 0.14481768420780555 0.14420963004803408 0.14758180660106945 0.14285461543088873 0.149616779149094 0.15847660640037403 0.15894871718551046 0.1527766553397613 0.1489941355407924 0.1524187710451725 0.15997904850356834 0.1539976445087166 0.15236115391720817 0.15164551032845863 0.15406951425209892 0.1532717622175437 0.15200432371901704 0.15251123231975075 0.15202636718311577 0.1532223324970204 0.15121319014481435 0.15232069866522815 0.15340923451898955 0.1541454409783473 0.15363409339019476 0.15256790853866278 0.15292551142941468 0.15327260875450324 0.15128937815127946 0.1506979883116545 0.15212701876384815 0.155172709022875 0.15822931795712308 0.15958156023120965 0.15856058979522847 0.15749627808442926 0.15562239130508118 0.15458976112430245 0.15162480188321534
0.1550598949951625 0.1527867707926009 0.15529064885777116 0.1580107505624301 0.1585882735905295 0.16023286379436985 0.1588787118015518 0.15444342551546997 0.14712260452106787 0.1469163160227126 0.15103265395538487 0.1490548633114822 0.14100563005393296 0.15015624079273968 0.15810707246382916 0.15497848251953544 0.15440584668552607 0.1520232043369125 0.1524182059035122 0.1509654746035944 0.15028211056803203 0.15044004444798395 0.15162599099715343 0.15483933567151636 0.1573211740382603 0.1513817179927679 0.15083366874404378 0.15234705876091592 0.15373028290387625 0.1512997938219764 0.15154415986757605 0.15288871033983348 0.14951074578133927 0.15322307157110823 0.15336883746347846 0.1539315596580933 0.1573349881287778 0.15894912341640557 0.15790482072101483 0.15629208756674903 0.1542980402331217 0.15779200186693 0.1585926291036502
0.15299055441814552 0.15186716624073596 0.15210095795436337 0.15242363684836713 0.15227767990721539 0.15182729674394219 0.15036888752132563 0.15251648537082402 0.15146580929190004 0.15018901949984773 0.1431314305659872 0.14808831613404239 0.15015111482724253 0.14714435071311877 0.15617378720134 0.14970356324876868 0.15068743157635514 0.15337318538908953 0.15226376537634825 0.1517379650055086 0.15120015234565665 0.1541153406858644 0.15890840413405727 0.1622510361469925 0.16157622243860412 0.15745555448186443 0.15075574806032435 0.1482561629593516 0.14795620465113313 0.14774532513740407 0.14811518108103192 0.14820462194358935 0.15218608200691097 0.1558004864279357 0.1559130047552758 0.15580674739340086 0.15800711107404594 0.15877102277665173 0.1581651986037412 0.15712879312639608 0.15861916114026056 0.16230891963343852 0.16648767969577255
0.15104996394087455 0.15057835190659516 0.15035593265572353 0.14642580858360654 0.14954270993940874 0.15431157199334747 0.15038650634549133 0.1496788931177485 0.14875135278303397 0.14922683314778973 0.15680972633459578 0.15618606721853942 0.1537909687984745 0.1450116318106853 0.14911093261517847 0.14703197788468594 0.14929154602608505 0.1515685516213824 0.15509123936858077 0.15501721520283418 0.15668476488652602 0.15652984750359425 0.16037829566408385 0.16290779575619121 0.16278345906291555 0.15969528420098184 0.15473625922797565 0.15517095000331732 0.15454160275232956 0.15024255179061158 0.14794882465372525 0.14838757283187537 0.15228309194320294 0.15225523918256262 0.1533968681708353 0.15533939652408874 0.15951233601693784 0.15997919915527592 0.1598077499493321 0.15984238431818498 0.1634226265871223 0.16610437778038287 0.16376788711603188
0.15048263249617883 0.1492032957717177 0.14884338831420219 0.14504744313046278 0.14489602936502471 0.14639840058001094 0.1507980752988977 0.14761715133625247 0.14746817666282713 0.14809358262928424 0.14665862155703832 0.14784895336840265 0.15045938901041514 0.1488707839711697 0.14499880038826346 0.14528812208048442 0.14747275605330912 0.15020614470514743 0.1528747094380981 0.1565026638158098 0.16417271368257857 0.15807668034399505 0.1601686331029835 0.16376405339005526 0.16795649987673913 0.1599127799357325 0.15713486307094315 0.1591854671554566 0.1590397657445953 0.1555926738835692 0.14815431791141004 0.14941096475908494 0.15545443184534563 0.15702585109671124 0.15668688928276195 0.1598044672237867 0.1576806737962225 0.15850817910579396 0.15782601966435525 0.16190944301728008 0.16338105579987036 0.16215718643948926 0.16210722317875673
0.15128853348006288 0.15073353519672897 0.14794228256739858 0.14362908003911742 0.1425350562167018 0.1425389643133642 0.143289715618841 0.14280737268655078 0.14436443636290028 0.1468555019451636 0.14955480567228796 0.1468421564905275 0.14928048315889178 0.15909522312300675 0.14866296872620602 0.14473363132351322 0.14934858469305579 0.15030527079120093 0.15238079360601026 0.15568053489547948 0.1594192042392626 0.16514303127342086 0.15909979565482685 0.16593481437698565 0.16641494509609425 0.16068847298146505 0.16000844266967856 0.1654919107280164 0.1557652963473133 0.1543391806004 0.14793224630555357 0.1492248950336803 0.15279129174473544 0.1545507493245836 0.15465816352978026 0.15422249438184096 0.1548178031006539 0.1563808520950873 0.16097097054097922 0.16395938750398067 0.1666148462044151 0.1642498047736138 0.16378708797309827
0.15204941819942128 0.15048400496193207 0.14682498803557859 0.14234200915820602 0.14304237982127696 0.1432721831630688 0.14467799323854671 0.14317199986788062 0.14370133144883698 0.1462465231275655 0.1484756907483927 0.14912554964136712 0.1525487629651288 0.16078357776845914 0.15856290538365342 0.14450077388655905 0.14662992356519455 0.14928019998544378 0.15092404353379985 0.1535588962218155 0.15633243530400498 0.15867275720209423 0.17156309226256355 0.1656813820981742 0.1702788045376624 0.16309219602469444 0.16489185064716647 0.1578699281890978 0.1529498168832905 0.15054646546616623 0.1473992718783616 0.15017992836204652 0.151063502462885 0.15188698907621243 0.15291016540443025 0.15259560561691224 0.15215568120037232 0.15610084994860401 0.16171495261443905 0.16467307107627935 0.16461771829994834 0.16885387169054028 0.16676013447888252
0.15146958697527518 0.1514211928935578 0.14501452294622355 0.142107354035397 0.14504122658593266 0.1451706999026325 0.1475494555771449 0.1449182384312421 0.14345474937246802 0.1467250414571528 0.1482927103701525 0.15322828148822804 0.15523913072275247 0.1576681316241683 0.1655657928224639 0.15119683359967148 0.1443087158518927 0.14983987327162684 0.151203110136984 0.15315938926043468 0.15552866218873265 0.15836417088387214 0.16509023557596697 0.1734970563992511 0.17068896374588766 0.1669476140469383 0.1657279167827584 0.16157778761318498 0.15379975299800147 0.1486298837934365 0.14890987761616054 0.15436428515033526 0.15574179165883015 0.15538513506587764 0.15726523733690875 0.16272705652931416 0.16142157174329216 0.15413959156325577 0.15747454125528118 0.1646487176085473 0.16735321042609286 0.16877269929999272 0.17036958796120408
0.1520881147225565 0.1520560834774943 0.14469586268819143 0.14134614690214642 0.1443665457106706 0.1467678436865993 0.1492413607408032 0.14752638489992642 0.14488585380669236 0.1451267145828321 0.1468480731778387 0.15133397860497272 0.15242150585204986 0.15701454497250691 0.16261523885799678 0.16143209498295583 0.1485890932950904 0.15128086902239163 0.15357821908963457 0.15507344051600827 0.15571330216858031 0.15452239753986 0.1622134237068341 0.17367638711538155 0.17172548423844194 0.16428217656550542 0.1633544121426434 0.16541859721638857 0.15860813159731446 0.15249744270313836 0.15060047544506747 0.1538276968695971 0.15664090970141545 0.15729665333753845 0.1584095912723134 0.16221052260046678 0.1643080149975776 0.15872549012719395 0.15884801160431442 0.1621587471434939 0.16515117646276267 0.1690131875302492 0.1771065961365448
0.14739264952523623 0.1458267200752033 0.14435452380857844 0.14128137008230118 0.14205009556426007 0.146148058308225 0.15249219748363313 0.15096359516127136 0.14911813304511573 0.14643630472002592 0.14648381249815834 0.14981259920421247 0.15312554201652626 0.15726812494956657 0.15951185014155558 0.15680503968372828 0.16075159509919146 0.15731325319261338 0.16414544692513958 0.16662643482873776 0.1686186288796805 0.16245692493264155 0.16330955366431757 0.17292351720060736 0.17194565743417586 0.1672925824103064 0.16402124020696013 0.16475663254759085 0.1702633055671974 0.15918734761183603 0.15134537790451968 0.15391958025716312 0.1569783327505552 0.15766997096801305 0.159633375119222 0.16171914227159798 0.16763488126097773 0.16129560402374607 0.16010258626847748 0.16145531363166454 0.16381802967090878 0.1670746575866749 0.17335156183896097
0.13971228360558427 0.14170794393829267 0.14237982094404372 0.14142787100465903 0.14099192680542047 0.14105410549454808 0.14941488909304815 0.15488596199497331 0.1534974236364888 0.14877079278144276 0.14865053958779065 0.15225444073458622 0.1542940836416935 0.15678113465375065 0.15839853532856885 0.15914996900595302 0.16311874251530756 0.16338822759406146 0.16668529572646631 0.16555243518046736 0.16635705356794994 0.1708282473960455 0.17064326320171622 0.17683399857634194 0.17051054924967862 0.1670655189560166 0.16393603398693238 0.16438214609105858 0.16928226005151356 0.16975250070105846 0.15670374701823514 0.15099146905521754 0.15411883676902574 0.1598821022063891 0.16773562159051433 0.16479248729055807 0.17213353485630686 0.16154112447860478 0.1586998708739611 0.16301307282507543 0.16506750516841773 0.1700698774934587 0.16997673151793
0.1392049696237892 0.14352344753114515 0.1442246478845618 0.14188892697531777 0.14370477901054018 0.1420183467158059 0.140426402371665 0.1493483265074994 0.15695496421324315 0.1498992337980426 0.15358903511009944 0.15616388405242487 0.15332214862448193 0.1567115560400689 0.15577033603152818 0.15567074279497478 0.15567762665965335 0.15897383788464697 0.16089051943349897 0.16346251014366578 0.16666546687098338 0.16924179144253396 0.1811582364490698 0.17655768994895119 0.17325943031410196 0.16973641980894835 0.16587174113097772 0.1649444850366653 0.1678331263465997 0.16963683156031895 0.16355353086071786 0.15590908588869115 0.15529430345707929 0.1613173780886457 0.16699692484866577 0.1701889298888544 0.17597248841840238 0.16339928380390373 0.16166044871840246 0.1607574060502091 0.1654998406957642 0.16735879293329636 0.16887579502848993
0.14378298881045398 0.14177473608448 0.1446925161954639 0.14380686761003852 0.148069954408734 0.14959128877317748 0.1419217876436753 0.1430880356704617 0.15356079346713392 0.14778077574752832 0.1555268137974543 0.158114684101835 0.15377503556683744 0.15747262734088716 0.16240322811740163 0.15973783185246432 0.16006186508110098 0.16151256528967559 0.16452005558008853 0.16458275121794866 0.16724983342301164 0.1713326536933084 0.17778919785707767 0.17488174278260946 0.17416115844583113 0.16915336045875265 0.1661147951260961 0.16606788420435384 0.16635781682343037 0.16525699132264784 0.1646026481595122 0.15981485827025194 0.1599613878517111 0.16026769464186344 0.16077070244768635 0.16467369883876753 0.17230553692620681 0.17275893139016416 0.1685851216975504 0.16241602145699696 0.1634588540755381 0.16437429807140658 0.16536514083750997
0.14793614693310816 0.14519337921479208 0.1451196938509671 0.14705367047345397 0.14843252459618697 0.1502629176837967 0.14383339839766293 0.13960132000484976 0.14230538864758938 0.1424546440504514 0.15040261701575244 0.15810257654498303 0.15868314556958396 0.15168268196842646 0.15816307224104942 0.16621178563579952 0.16580495527068048 0.1653467930847361 0.16964765064092516 0.170482752736072 0.16969548106986038 0.17416978207302367 0.17530820543221734 0.175286963274708 0.174384710992001 0.16879131864149197 0.16677533832731314 0.1657926372679657 0.16642062681373265 0.16664808652882315 0.16736098924920753 0.16076921758073173 0.1599131395118455 0.16163635633632886 0.15900817870296485 0.1637806836199426 0.171353082771884 0.17494253706178473 0.16978123974426274 0.1653016274189902 0.16319918473556402 0.16455523286479792 0.1658384056594385
0.15049732573518684 0.1488605765373858 0.15137897167888856 0.14928673031118972 0.14741608787514898 0.14849423580776938 0.14359987889844242 0.14035508358503293 0.14571846626445387 0.14715255813580155 0.14915974356155448 0.15471807137352378 0.16010673558952151 0.1456855261588467 0.14951318178022674 0.15623520545540465 0.16413470335665356 0.1577537661808248 0.15935225497813352 0.16543761925685985 0.17530978469773612 0.17549615128514728 0.17364202038923107 0.17424266163956886 0.17504230169374949 0.1700150475427429 0.17088101216892665 0.16731307181036817 0.1724900486968627 0.16705617565599362 0.1640655985073764 0.1616470763725294 0.16036860605718198 0.16485914379157082 0.1630400675936786 0.16592645772623799 0.17025326015442568 0.17039817961519377 0.17120547086169985 0.16740343846596856 0.1650901765306918 0.1656604139657755 0.16702315560323983
0.14713246357117768 0.15573878212581357 0.155838310962685 0.1516705695335642 0.14933001065687465 0.14787152849761287 0.14530869645220454 0.14511707279425645 0.141068221175978 0.1497613648688158 0.1468853253496206 0.15636680083106658 0.15184362968549722 0.1439331000704567 0.14579178899793344 0.14962233276567102 0.15124498999767877 0.15117165211904 0.15152511514492123 0.16298742079559916 0.17634972379650396 0.1744990802578709 0.1733334644369036 0.17360945874566514 0.17384523682187258 0.1736460651787111 0.17286376534231968 0.17346872086681833 0.17590935970443392 0.17038519900809518 0.16555634636589625 0.1707244172648688 0.1615964463284743 0.16492148915569554 0.16692018494997857 0.1687851172617166 0.16997693120353047 0.16987087008697252 0.17126626435431136 0.17061843094224594 0.16815103943885248 0.1675240470747722 0.16787185031662027
