resources/Output/etp.asc
NCOLS 189
NROWS 177
XLLCORNER 690600.0
YLLCORNER 5139200.0
CELLSIZE 100.0
NODATA_VALUE -9999
[rows 95 to 113 of 177, columns 0 to 42 of 189]
-9999 0.0 0.16808899738633848 0.1685945739571081 0.16903591488668046 0.16913917521242328 0.16814363846937597 0.16858896486952724 0.16924222342839346 0.16965944885160067 0.16938019599535165 0.1675973335496061 0.16783664846064486 0.16741064943007525 0.16647267012663866 0.16584447287390788 0.1660276073580281 0.1651823272434063 0.16485109338508822 0.16599384373106663 0.16804875109603387 0.17158434469457617 0.17430779075059907 0.17276452747806118 0.1795122444526731 0.1770938228729357 0.17041776713503792 0.16855344063321637 0.16895967170131138 0.17080205426146364 0.17078056157916494 0.1727272071345566 0.17582658118404967 0.17851603310860897 0.18079328551093904 0.18183447117845278 0.1854738872673633 0.1824899480665873 0.17807376343958467 0.17497890467467161 0.17286793866343605 0.16999159358681987 0.16686756457446697
-9999 0.0 0.16803469636518326 0.16819236765446202 0.16854170209055727 0.16870615781656925 0.16827462438011012 0.16900757594720192 0.1693650616995287 0.1691199993890418 0.16860148315243412 0.16765445742332688 0.1679838953434363 0.16686941461527477 0.16585981247699355 0.16538813224273272 0.1648835383140748 0.16445465930116135 0.16394580657806174 0.16319692208368256 0.16428545588127008 0.16744021060928513 0.1695683859019007 0.17272487839455972 0.17552930030584396 0.17291082427569887 0.17205479736387413 0.1659962005396294 0.16733804272039737 0.16801454689475925 0.16925450989554183 0.1727930792829508 0.17550420888335833 0.17929199521288366 0.1786517965664238 0.18059238161375768 0.1827580384130267 0.18153864914039072 0.1797188349869799 0.17571333582308626 0.17286278269530705 0.16924875803366457 0.16866855033337888
-9999 0.0 0.1682233952880505 0.16855688791737766 0.1689377819948614 0.16933724971071504 0.16926484749247428 0.16974350090116913 0.1697451508546292 0.1691353946150367 0.16903229838349815 0.16941912779510093 0.1666941791542703 0.16558299564247445 0.16538509568653065 0.1646885918011577 0.16443362561434008 0.16340502905038765 0.16264817913643764 0.16192341994047363 0.16193486009761066 0.16357352612927462 0.16536283600702756 0.16872323342090756 0.17158955012897023 0.17109036534253752 0.17057921680599802 0.16469440562055654 0.16544930251484896 0.16857257695537062 0.1716963020815294 0.1758139865709428 0.17972515349717716 0.1758915648549342 0.18198157657286715 0.17845645655420972 0.17855015726489268 0.18779468204481298 0.17941762115813192 0.17694417530701012 0.17549378271930854 0.17340311888475074 0.17143184782326631
-9999 0.0 0.16921375819349704 0.16940070731538973 0.16992672425480732 0.16919096654849378 0.1690629839661946 0.16936301360458753 0.16957069432459224 0.16821308783526753 0.167709107419574 0.16731789167046277 0.16573654466881008 0.1645760945906773 0.16584235868252922 0.16499580050923393 0.1649305115562517 0.1647903771618831 0.16349678433751108 0.1625373251739561 0.16172319011257932 0.16264154810115736 0.1643470127405094 0.1639762702315232 0.16350316758801423 0.1638026375670241 0.16269381723733317 0.1614220405157801 0.16367418314274337 0.16759443080642483 0.1721067897592989 0.17469987015986327 0.17335258337757492 0.1774305394560524 0.17714267595119157 0.1772480307689101 0.17786308856814712 0.18361957794757372 0.17732560738859451 0.17585398455837392 0.17965144629862373 0.17432699402101456 0.17069883174320674
-9999 0.0 0.17046872086710038 0.17004036529151922 0.16957336223108133 0.1692107203350291 0.16905502001000655 0.1692850922771389 0.1687011007703018 0.16843246321133043 0.16792100144768504 0.16640757501870065 0.1658183664665258 0.16579636509893642 0.16509723393974823 0.1652982104822449 0.16624496843859252 0.16544212629424196 0.16412283470409172 0.16271753063477828 0.1614646922085639 0.16223104292276994 0.16400939531196204 0.16331753975477722 0.16264948054000108 0.16264034663273866 0.16262395310893465 0.1621204522189885 0.16233407290217505 0.1649100408105457 0.17153468931321572 0.17005087963603643 0.17435060630449678 0.17821094164007284 0.1731450608147361 0.1749837460392471 0.17597059365431358 0.17681818081165526 0.1828669760055609 0.17527731568499355 0.17249928772592793 0.1716287978434031 0.17097066297926608
-9999 0.0 0.17057572664641102 0.17005525007645397 0.1698716216305787 0.16993691882574063 0.1702867008643871 0.16938180205234304 0.16896046368120798 0.1686354478041713 0.1677810713332726 0.16574068361387165 0.1652262751416633 0.16479831562745262 0.16413373835780823 0.16400441275728883 0.16405271455287296 0.16348670397811488 0.1632104454067491 0.16258831373881139 0.16149227491234508 0.16212141783778394 0.16355562636125098 0.1635497955527026 0.16370123060432956 0.16385085773247507 0.163753591996678 0.16268994480351026 0.1627498109212859 0.16313312568429317 0.16501822006560576 0.1694917374337118 0.17575822163841556 0.17220364602273422 0.1714660780228248 0.17424887591966315 0.17342735790463334 0.1761402771834448 0.18488287240453122 0.1801391832298609 0.1723072914094282 0.16827300236845052 0.16621102718544878
-9999 0.0 0.17277571044323933 0.1716769575123293 0.17115788742463275 0.1709566905338542 0.17079295183043827 0.16990116718814918 0.16907818852022755 0.169182121899346 0.16846595825011934 0.16735740005623723 0.16597329015177378 0.16547481285368063 0.16525485692649042 0.16414786563275985 0.1632334253775877 0.16277802736154165 0.16287842693333462 0.16308433133560918 0.16350041866309248 0.16331309065865487 0.16435482812985558 0.16408146992516645 0.16377112723117335 0.16341077203163548 0.16347307128267252 0.163022667124226 0.16285128206768548 0.16316583649811262 0.16400277620785658 0.17028762167245085 0.17604043007210318 0.17021601944081896 0.17066772993349955 0.1715937605092329 0.17232725882678845 0.1749130765109691 0.17695704976495746 0.17625368128332117 0.18000946400900306 0.16885248863945615 0.16517794913829234
-9999 0.0 0.17345820389014638 0.1726500412824006 0.1742369232529761 0.1710302439765162 0.1705757581790492 0.16990282408881116 0.1700175857223287 0.17002454776563963 0.16961431263151563 0.16887982234955132 0.16801792453866166 0.16738293998372275 0.16673022831929799 0.16641289425612335 0.16518366256224165 0.1640364943103127 0.16368633620397915 0.16449677272364743 0.16644800392717418 0.16522421981251592 0.16424470463027713 0.16402153250410698 0.16404376442825266 0.1639228379135137 0.16342092573505412 0.16327723906734617 0.1628474123179963 0.1635820827362007 0.1638004932440415 0.16732765008672768 0.17103370498080026 0.1680784456030145 0.17014833156830858 0.17019654153357527 0.1706546673485813 0.17333189175599112 0.17218331991230867 0.17467549401500707 0.1695863552202803 0.1668679439948073 0.16577041004249796
-9999 0.0 0.17389570035169077 0.1726508843894482 0.17128588249625257 0.17223090460357376 0.17042200603802582 0.17011264001888687 0.17018859444588302 0.17002529084262621 0.1700436030882605 0.1691701115510067 0.1693769659002066 0.16769391223266544 0.1675077819139777 0.16708624925235366 0.16671633275849274 0.16564419429649116 0.16490412750512326 0.16482651592731998 0.16440172321089352 0.1643531370197716 0.16434735348543225 0.16403178154283427 0.16397742338816715 0.163565103098909 0.16176127654519845 0.1615791020940822 0.16186433589338847 0.16214145300542315 0.16235181784956065 0.163519074518211 0.16628096636734013 0.16584062781342004 0.16790098329642697 0.16857240130022164 0.17031190597717066 0.17162121995846202 0.17122568919081751 0.1706932159110837 0.16701866942630295 0.1663714513251712 0.1656203812691318
-9999 0.0 0.17292612643178581 0.1718221707296117 0.17093956972259503 0.1726157483112129 0.17294829144106405 0.17120491592153353 0.1711114717429613 0.16996948279847782 0.17049766729937726 0.1697162353235539 0.16976847657569427 0.16944449419309435 0.1689076183172715 0.16847375196975808 0.16686822385369596 0.16655226249329516 0.16668734494401632 0.16742198572406441 0.16527917678606094 0.1653477565872724 0.16434633507427684 0.16407151008377668 0.1640707508444026 0.1646063581467681 0.16221354842129374 0.16130518663414906 0.16057859701891555 0.16046833117571266 0.1605128383855575 0.16090417426612597 0.16133443913309917 0.16205029277782107 0.163424905169398 0.1658974273309713 0.1692177204602666 0.16956755975358223 0.1701286477878616 0.16920437064253216 0.16720546188319718 0.16625091704232242 0.1685448589028728
-9999 0.0 0.17089967211621093 0.1698241431745972 0.1701522742821091 0.17065254688519252 0.17222000854448424 0.17254921601275364 0.17171878120237816 0.17034301956452824 0.1703206717087296 0.16984423269240015 0.16963992619294904 0.1689158386778584 0.16955158160528774 0.16870552610326758 0.16617590374678284 0.16631330379522513 0.16748096473488036 0.16882053431006636 0.16780837984723776 0.1650220990973266 0.16434688792477378 0.16415168006344766 0.16466263050901403 0.1643896674160875 0.1642846393833375 0.1624371122596265 0.16020009570464377 0.15982416694267698 0.1597775774292865 0.1599628188468056 0.16003070772280184 0.16017569484568153 0.16068412046907177 0.16314546706918812 0.16453184644468152 0.16585077415717686 0.16822090319307698 0.16930014338120225 0.17060432689571892 0.1669721350656536 0.16748479999079663
-9999 0.0 0.1711092503987144 0.16982899763008022 0.16881308284245944 0.1686080106895577 0.17074120006615812 0.17256498767495385 0.17230341119306936 0.17087624182408057 0.17084450708432186 0.17049277051111603 0.1700536281422302 0.16964646153238405 0.1696460108162838 0.16865351883793653 0.16688328431681632 0.1680075266936023 0.16846601121764598 0.16702431570497966 0.1665454420003648 0.16469759245200827 0.1645271696637122 0.16353639470586104 0.16305470605548045 0.1627086462039172 0.16223550499676356 0.1615282055365847 0.16123732212174283 0.16062382249693516 0.1599403378175351 0.15953249357629426 0.15950295935759193 0.1595013251095486 0.15976292876608955 0.1605257171994296 0.16156623670536896 0.16304307373432153 0.16579114391733626 0.16751719271024934 0.16886915402850305 0.16931663399786911 0.17054441435973094
-9999 0.0 0.17305804943289196 0.17092922555470189 0.1699725631656117 0.16776592213362593 0.16904291122325826 0.1724686140767763 0.17257819599085977 0.17098065376899946 0.1703480318054374 0.1698199579467564 0.16964872747590654 0.169867578781173 0.16965128551945405 0.1692974341437034 0.16692663832763563 0.16645477534000197 0.16606077387233417 0.16686484077078034 0.16699499546373775 0.1640654098024797 0.1636769805872343 0.16298448562243043 0.16230728131165523 0.16325308867312072 0.16375362106345373 0.16481377352746182 0.16472082901487042 0.16490276636866108 0.16293904936212428 0.16111388773370253 0.16024182980642865 0.15932685423932924 0.15925217665001493 0.1597445869183108 0.16094457469567686 0.16275413604403186 0.16508823654259994 0.167272157878893 0.16905283040257774 0.16896360735676172 0.16954762378088917
-9999 0.0 0.17265061154551464 0.17180860821419122 0.16949524681572758 0.16930818563579833 0.16822672295616237 0.17122966121215952 0.17406637740058664 0.1714284922410539 0.17023933670864 0.17038113923714224 0.17005266964910296 0.17068112180386039 0.17006584543384856 0.1698093110538806 0.167172212621344 0.1669774650118874 0.16558274540940698 0.1650515832199 0.16462542075954886 0.16261703224616078 0.16168686303771426 0.16270186108635304 0.1675448239099625 0.1686201135361788 0.16769258659911038 0.1714276158183649 0.16676598096723702 0.1695206113717399 0.16573596457380177 0.16412641061726868 0.16315686509542715 0.16065462034459935 0.15987648202558155 0.15990802442237134 0.16073164307598167 0.1626964597404297 0.16646234248999803 0.16621616786787877 0.1667536458226703 0.16832303934059983 0.16946799550606564
-9999 0.0 0.17250561302412376 0.17000959557199247 0.16939355788164392 0.16987350578770447 0.16727884636483523 0.16870081426534678 0.17283768697954344 0.169819529177146 0.16858813795558283 0.17199082797841367 0.16893617179929304 0.17136688047167978 0.16981896002239416 0.17078179341957664 0.16816366599991917 0.16610929337374372 0.16516840927328552 0.1650974262224785 0.16496556147717423 0.1642003594546847 0.1641230742450802 0.1649610380572326 0.16829065891547892 0.1733959266109914 0.1686315322868105 0.1740400397910356 0.16831677851782303 0.17085395392087324 0.16713764658018324 0.16930764819457822 0.1654981952020891 0.16331324332307515 0.1617070030540759 0.16090269058793513 0.16076144238429435 0.1617197606613443 0.1634651752080913 0.16461863713388572 0.16569712516883392 0.1671346101703575 0.1696645580378533
-9999 0.0 0.1698316640859273 0.17021801141258874 0.1694947898964123 0.16893261026677953 0.16606350913482648 0.1659967515067974 0.1678512997838192 0.1666862214815525 0.16795375412680805 0.16839233460561479 0.16712317391805243 0.16874704387117812 0.1675077887525469 0.16922710004524755 0.16895127115952124 0.16551226969591887 0.16465506879173564 0.1645483961894139 0.16880811636277115 0.16611073375083488 0.16669552031072968 0.16574982864695675 0.16797352762152204 0.1750239200504928 0.17213769221453432 0.1745686116145665 0.17025262778875702 0.17109327954382314 0.17042565965689124 0.16874229029502164 0.1689139539148259 0.16692908049711488 0.16530654328705946 0.16413268183994234 0.16245630340193662 0.16265280238416663 0.16425587051057483 0.1662753217636173 0.16721351541732732 0.16709086716000107 0.16768929082126008
-9999 0.0 0.17017534815229607 0.16924714163671448 0.16940324266676848 0.16833027037128875 0.16621359064848557 0.165426025296304 0.16619031745356455 0.16594678479592506 0.1679931661021682 0.16741817492842664 0.1655626315703912 0.1664030269246644 0.16521153086118126 0.1658596795367548 0.16649704382407934 0.16485889034139775 0.16383307585656326 0.16430103065904558 0.1679732599293969 0.16801197428884207 0.1705601227275276 0.16720695253440768 0.16723047423063925 0.17149379761198583 0.1807020574995854 0.1775274617995184 0.17312822372156408 0.17232682466668675 0.1712222103103386 0.1696557558431877 0.1714869803540165 0.16828079175507774 0.17037678149483684 0.16897634060792424 0.16531962460687175 0.16516109562749523 0.16670037745395475 0.16840461308630889 0.1701416991784739 0.17312390605776956 0.16786471761619026
-9999 0.0 0.1722037847325929 0.16965080217061887 0.16822546293564183 0.16747598159347582 0.16628856951225218 0.1654181749454843 0.16476786056884513 0.16461881092823213 0.1650439065054237 0.16452035759028688 0.16400001699065744 0.1640775753042817 0.1640469911138303 0.16430784720546326 0.16405896874301745 0.1636636604224559 0.16424724214870645 0.16597366198140953 0.16850765056641528 0.17143189447169063 0.1756756887315483 0.1700079337043179 0.16754032624719623 0.17108831671827496 0.17537151922060687 0.18068743670090376 0.17671411450562735 0.17734320860940872 0.1724039329992763 0.1742243804650222 0.16960506039419831 0.17049742326170986 0.1740411387297161 0.17002415479233454 0.16673447453013007 0.16714617023366507 0.16850685944349922 0.16871754120634544 0.17075782386022212 0.1751577809286424 0.17183860072805726
-9999 0.0 0.1741542409440847 0.1726722986329455 0.1712139885777535 0.1702981049746286 0.16697026711737076 0.16513855778455377 0.16449264246398668 0.1640330484480966 0.16366562716945143 0.16496039899325618 0.16572658757858522 0.16594700857421024 0.16665637976076275 0.16751012249567618 0.16660917486097337 0.16623186008007318 0.16649933369993442 0.16726718190643744 0.17008985230977164 0.17334134249328248 0.17843734757179447 0.17327507890070964 0.16846695435448455 0.17039406161952342 0.17541923263078293 0.17970490716874649 0.17766802165354084 0.1756248667812823 0.17470613467084523 0.17322023212779905 0.17001348110986472 0.17335096208877007 0.1731888988800907 0.17224020026402004 0.16819394396312776 0.1681744807091041 0.16954923126598045 0.17023354400972016 0.1702627486998889 0.17204434174514058 0.1784776567662124
