resources/Output/ETP_SO.asc
NCOLS 189
NROWS 177
XLLCORNER 690600.0
YLLCORNER 5139200.0
CELLSIZE 100.0
NODATA_VALUE -9999
[rows 144 to 161 of 177, columns 0 to 41 of 189]
-9999 0.04330448045318472 0.05283717107016583 0.05332488534507983 0.05181725587841602 0.05212654384871686 0.05009779115211422 0.049211451222417 0.049129429106862785 0.04904740086907078 0.047911207332235466 0.04941214858156082 0.050755083476172885 0.050759739622202815 0.05038254353473723 0.0480369558304882 0.04853169620854835 0.04888904648728417 0.048419519065085355 0.048085889685529515 0.044956070145193205 0.04371749611220185 0.04226119555235298 0.041135226653093604 0.04049553267085268 0.040137478194687035 0.03946439980989668 0.03880619471983405 0.03787630543710907 0.03709169827880869 0.03519168071563031 0.035183254447250886 0.035327798668927296 0.0353251922240061 0.03536202764391017 0.03535209800296686 0.035497266915615736 0.03573216590394858 0.03623040868643009 0.03714047021789533 0.05148765623419093 0.05105345249971597
-9999 0.035175068072102904 0.04327470409348473 0.042781003644002655 0.04214813800719652 0.04077706789828102 0.03972591146737981 0.03928694248641418 0.03913026295138232 0.0390198957381658 0.0393853113927035 0.040357021251944264 0.04115733213977487 0.04074477062481912 0.04022354532280316 0.040275981441533305 0.040673192152770384 0.04138742495990846 0.04174071205631504 0.04134339850666243 0.04077222917899458 0.03981504350579119 0.03849438580302763 0.037725903805081736 0.03745847507360295 0.037188285677914774 0.03649981650409414 0.03568941824914007 0.03510409800339373 0.034404449146878825 0.048238516938985565 0.04756397493519417 0.0475598394336961 0.04779498665055995 0.04790485063090259 0.03379141730503633 0.03397694855775633 0.03423507687681299 0.03471784416114411 0.035168627878572875 0.035292053864997446 0.03538194633595704
-9999 0.034971071490388965 0.04195984611762031 0.041392045905869305 0.041337296470169 0.04112476837497842 0.040325788438268534 0.039659297252785775 0.039472231853246165 0.03925964815643952 0.03941914414788865 0.04024352230579319 0.04086086824752981 0.0401727611458406 0.039679156476715216 0.0396182686430287 0.040054569935135446 0.04075131449012382 0.04142975818416051 0.04156079454445052 0.04111233246725573 0.04046675426956569 0.039328467964446015 0.038554521739830754 0.03826603741828911 0.03791838950324803 0.03704368395378397 0.03649816327584459 0.03603653346540955 0.0351694416206866 0.04968785326016843 0.048737938557279654 0.04800886526331033 0.04793000829373676 0.04804224740622776 0.03394951871732488 0.03420343618264943 0.03445749337977726 0.034676145051854367 0.034646941016601165 0.034883374539149824 0.03515261564992162
-9999 0.034107960052924956 0.040370107036713176 0.03986228804445759 0.04010761045884159 0.04048124646623433 0.03999371714734742 0.039245799816282775 0.039277746729182446 0.03961119490842534 0.0398076839200347 0.04038857230526663 0.04075767294250808 0.040400732798168124 0.039838526069766116 0.03945045541007138 0.03975959793916169 0.04012685619993211 0.04074875472644859 0.04133663235512599 0.04125479026318492 0.04078138314205809 0.04016265413778114 0.03956850993696366 0.03906140207239142 0.038505633466210096 0.0378295341994804 0.03737531039029753 0.03676493328739404 0.03606556352436923 0.05119638701586456 0.050146940881425954 0.049256910639841014 0.04890139116084422 0.04855687448361411 0.03399331195574238 0.03412092353068171 0.03422447443585833 0.0344405661709079 0.034488846756186235 0.03465528821210826 0.03479166209903612
-9999 0.03316521559092554 0.039126237666020025 0.03877331172283462 0.039307477735398735 0.04009744544201415 0.039889618877066664 0.03945818887760115 0.03929189468997753 0.039289869535045666 0.03959952391325404 0.039856916456021324 0.04015467790594779 0.040310359507398356 0.04034255827434606 0.03970876856713626 0.03938789564784837 0.039519935460325575 0.04021126231356885 0.04099295867608585 0.04118570914058931 0.04087814336563343 0.04047606117299473 0.040007183185550084 0.03935220725942515 0.038900588306170214 0.03865700772873049 0.03774921371230952 0.036769562705516796 0.035968308207001747 0.05101995240318381 0.049982370694561615 0.04926313727629588 0.048703390883358635 0.04841187142160377 0.033936038913642864 0.03396827426306959 0.03405225542769546 0.0342015937027212 0.03436615743470067 0.034494947443949056 0.034650860019410666
-9999 0.03224562514409625 0.03833194243767648 0.03880295533265509 0.038963504341695286 0.03969245436224293 0.03956088146291262 0.03906813734494477 0.039219179553292044 0.03931548945777829 0.03940330492969245 0.03924465984056291 0.039360007812194564 0.039651277455813205 0.04006651302392711 0.03949049255632269 0.0394221539056529 0.03933755475809962 0.03992960479619848 0.04065627972231625 0.040995204565034304 0.04094097814542387 0.040630141073482944 0.04033533652529071 0.03982903639121695 0.03949104722783654 0.03891231883097686 0.03809982553249028 0.03704752522218334 0.036229879275247186 0.05089046126669211 0.04923827202300936 0.048672140868926524 0.048283463558654864 0.04817312323225751 0.03378417306073016 0.033774701700919785 0.03388588911196374 0.03400472291463161 0.03415716356610438 0.034335352455695946 0.03444213084397512
-9999 0.03126624910583907 0.03861473443570764 0.0386856804975779 0.03883955470295501 0.03950714921766736 0.039364495011485326 0.03891971983866028 0.03899626204608395 0.039051604333740234 0.038852817387658466 0.03875752886062642 0.038866550487038826 0.03882316550782853 0.039418020136934295 0.03940169884062115 0.039454651315368815 0.039659396437905295 0.03994369617016568 0.04030191531785319 0.04033474248241823 0.04052181288477623 0.04059505298993314 0.040431459015787895 0.04013437945712228 0.0398206661335215 0.03936541681384326 0.038653208777731485 0.03778350646690747 0.03684764557191863 0.03585669996109622 0.034994788059496795 0.034255444658305406 0.03388057661230966 0.03381837137340479 0.03365270807179923 0.033661592142966275 0.03372667285342495 0.0338568732819937 0.034032779140995194 0.04063646991516304 0.04077963798175506
-9999 0.03116423255059921 0.038666090164369074 0.03877034447542644 0.038979994462252164 0.03945427416147561 0.039539908256080274 0.03912913455377696 0.03885376895384103 0.0387050987292335 0.03850683134781943 0.03837192786297637 0.038332058274157726 0.03869586363599474 0.039259078391990034 0.039476479746923525 0.03939413692059778 0.039586393014881725 0.03960334747649956 0.03945729869422558 0.03947926787995921 0.03970451170878334 0.04000673565355344 0.04022356016552577 0.04009045410907774 0.0398186896837341 0.039414155338232504 0.039082952814069656 0.038558199582706086 0.037612346790817264 0.03669172704466046 0.03582222438768187 0.03468973642740885 0.03389827708801929 0.033601772743251206 0.03364210349516588 0.0336385023380098 0.03363231203376713 0.0336948089874074 0.033856012142164306 0.04046405840225019 0.04077055342777001
-9999 0.03099243442597354 0.03851729435564556 0.03870750353564103 0.038952220984312905 0.0392860615050586 0.039413935725849204 0.03901017978572743 0.03866915925415775 0.038340464295673234 0.03814414469644165 0.038234291809225406 0.03838470428023393 0.03875529154680968 0.03917084579313156 0.03934863583385425 0.03918842379701141 0.03932286417834784 0.038970255900449446 0.03878008277871539 0.03869383459975895 0.03878396738559876 0.039062595865673524 0.03951868486195879 0.039736220438773305 0.03973554381108673 0.03923988948838358 0.038735635641848835 0.038564679685498884 0.03819905853324963 0.03736795517469685 0.036356911724712934 0.035244210214069184 0.03453463247025975 0.033839591923357476 0.03362742976826459 0.03362409764238394 0.03368717748495854 0.03380466136551746 0.03395724699366321 0.04069198849501906 0.04095997590729342
-9999 0.03098745273806788 0.03846064454579308 0.03862453406657242 0.038879813787474446 0.03911946019797856 0.039375719286442984 0.039073808481818365 0.03866490523283386 0.03840844225103919 0.038119788893888826 0.03801413320949522 0.038254419068794454 0.03852814629670843 0.03891515463760343 0.039281647892700805 0.03913544765344291 0.03916107707016767 0.038874725420534044 0.03838595547915762 0.03811122409071644 0.03806027046620723 0.03837976265419084 0.03881912348098766 0.039415143343797754 0.039578261547689675 0.03903564080837308 0.038245940853118485 0.03807303222029341 0.03808024004002255 0.03787036070533001 0.036986228818592225 0.03590960987290864 0.035066586958252315 0.0344897352130248 0.034125542373072186 0.033975967835892316 0.033953034141935866 0.034070601410310646 0.03416043060030241 0.040918190861525705 0.041168712673009755
-9999 0.031692996204316835 0.03875618983910189 0.038670096129050736 0.03886611377840046 0.03901082434077759 0.03921912089949757 0.0391323719620988 0.038777668483829304 0.038409569825476914 0.03803909053903167 0.03795266926964598 0.038039269363836455 0.038349225251969626 0.038748597354658014 0.039083303369915924 0.03903167027855593 0.03892998364229842 0.03883251724657334 0.03837426146498253 0.03793850065806547 0.037836447413728484 0.037955453030441996 0.038458675385033655 0.039171590326702414 0.039361720646452276 0.039092557625882984 0.03846465979150094 0.03778059483376778 0.03770344299762747 0.03783792068050992 0.0373793240630111 0.036501430039521325 0.03589497379133475 0.03531736522722344 0.03493251208317531 0.03459766650610522 0.03445319578048193 0.03430353881898534 0.034421130434021875 0.04125810678977193 0.04137795438720488
-9999 0.031904026524014174 0.03896872762458912 0.038750267339798035 0.038772746321866905 0.03886744812890176 0.03900220361231854 0.03904903125568129 0.038763201712036635 0.03839644180679897 0.03813726488603425 0.037921771479900626 0.03793815147115066 0.0382610173195535 0.03859229852941038 0.038766611780067316 0.038836725900850876 0.03876856421398452 0.03865832564181878 0.038387988839398764 0.03804916713818463 0.037764920292183354 0.03788346751560677 0.038454478823568713 0.03892767409999506 0.03919031722792648 0.03905364880967744 0.03866174420873871 0.038063182295062586 0.037535559047626024 0.03965531560029528 0.03959311211142206 0.03903715003506895 0.03858461727254556 0.038013183283642185 0.042943672637989254 0.04241765641185438 0.04155197318032666 0.04147891637490683 0.04157163060071568 0.051808498828798184 0.05154223868430053
-9999 0.03205203827074095 0.0391456094440557 0.03886177294335678 0.03877960790263191 0.03872514059543067 0.038780016589952206 0.03877727572285436 0.038633541557761435 0.03840814238760341 0.038055377103450104 0.03783306788995185 0.03783057126492149 0.037979457369677075 0.03823487141504043 0.038430989618811584 0.03846627365397787 0.038538695662168734 0.03831591178539428 0.03814535283697933 0.037970619548589594 0.03778183591183913 0.03789191070852037 0.03818375489272689 0.03872146917263797 0.03889916650729243 0.038877778190402286 0.038628119281293276 0.03816711848443514 0.03778431936637324 0.039269190096069176 0.03949203035475139 0.03930577026373292 0.03897956192893204 0.03861705301150491 0.0437411929554512 0.04323760284567613 0.042669817788102075 0.04233373657499981 0.042246152494928586 0.05206953940028392 0.05136322679285397
-9999 0.031653951160877054 0.03838002291249284 0.03828399726514646 0.0382765725442077 0.03834743553645866 0.03842329939767849 0.0383118379508758 0.038220775711221185 0.038200462916544456 0.03812480414277351 0.03786910568481591 0.03776958480911086 0.03778307178012677 0.037942725552978764 0.03819312453150561 0.03824007542917263 0.03820067434476934 0.03804183332910607 0.037713187313599746 0.03775211794776116 0.037695386492754196 0.037761511186027635 0.03814362734715454 0.03843836308907797 0.03849496574098446 0.03823763006020233 0.03823046102170684 0.038190311819377674 0.037936239188216946 0.03945224920251001 0.039139721445650026 0.03926252114603414 0.039102910748242875 0.03878304073499792 0.04399980722002067 0.04365429662089168 0.043301011961626744 0.04295956203475144 0.04257775429884707 0.05258390334818381 0.05202251095472184
-9999 0.03083224636118719 0.03799751978672636 0.03788276116389404 0.03782475356857406 0.037859316252085266 0.037989712106508415 0.037913996761978846 0.037862025117585 0.03782996333619657 0.03794481035849743 0.03788232973055089 0.03769463217477386 0.037710490401724556 0.037756073712779774 0.03793025620356451 0.037892277074979705 0.0378799826046692 0.03784735545071105 0.03752482317621576 0.03745014129054469 0.03749405791680831 0.037625376793845505 0.0378176728440991 0.03803912102389684 0.037848286712055146 0.03774334838665132 0.03766242142040928 0.03766333511776251 0.0376480531834117 0.03940267143528333 0.03898834538303247 0.03881936084760693 0.03886662385020492 0.03875791227310157 0.04381729018471764 0.04332626436089078 0.042961521243288024 0.04260705385248871 0.04209088542802561 0.051711313638289395 0.05127342308948197
-9999 0.03082256105126089 0.03763599691830787 0.03761670858053255 0.03763638691227702 0.037628267747454765 0.037663571956477244 0.03764924367231547 0.03763097596286215 0.03762542024518836 0.03774964720688693 0.037822171508007395 0.03768183806407428 0.03759155862666276 0.03765252080992679 0.03767855341213727 0.037618735246895456 0.03749505540782078 0.03756349057627555 0.03743473079890363 0.03714228572391747 0.03724598297722333 0.03729835649046897 0.03759627446606586 0.03740756337186623 0.03707502434804535 0.03705941802748472 0.03696009294241929 0.037039840425726084 0.03700700049179156 0.038941225421672346 0.03855764240271487 0.03828939395206818 0.038399855336070016 0.038415486855538625 0.04368501276391412 0.04322459134422633 0.042750674220552135 0.042304736477577 0.04174658196456871 0.051018474154712716 0.05017213798358838
-9999 0.031085761814969127 0.03798921623767352 0.03782476020164083 0.03778637446179629 0.03766396180217862 0.0375445082420837 0.0375521764825274 0.03757959711522874 0.03757163546479885 0.03761186455647574 0.03768546550634778 0.03766825043477207 0.03755113060339591 0.037556271358570814 0.037479728356802446 0.03733977496560678 0.03720829178868674 0.03731519384728153 0.03712193964642557 0.04624069240637794 0.04625376953713012 0.046700730095530545 0.046734354688469495 0.04627537813601395 0.04552577727892464 0.04511170794227488 0.04518122590628611 0.04515749091364213 0.04524800566107877 0.045491138361258114 0.04534717633248142 0.04490882080499581 0.044988690286553806 0.04534153107125597 0.05063368688522808 0.050169089375535096 0.04949977285718031 0.04867986680235473 0.04784021011757031 0.056579822025122906 0.055403019166386104
-9999 0.031950070901293905 0.038741179184674686 0.03831894165010802 0.03814191898818072 0.03784421568457423 0.03765614581010052 0.037476769557095335 0.03749387058077225 0.03749248205635984 0.03751506328615821 0.03757636349781297 0.03762340233198529 0.037555071233870446 0.037449877398637726 0.03730411262324277 0.0371363337543288 0.03692456217437242 0.03687692205744491 0.03653026734351769 0.04557560796621267 0.04581478506606077 0.046018430892089686 0.045765506139308354 0.04506045087987262 0.04459742216871071 0.04412659847876769 0.04414363129247565 0.04417010080953677 0.04401386805941577 0.043912567250770126 0.04407160934570725 0.04417154494260968 0.04438631324997692 0.044779926323710875 0.050078869782366246 0.049688732544994514 0.04922802184283517 0.048254163473117596 0.04715409694477923 0.055672052705176625 0.05451556749380783
