resources/Output/ETP_SO.asc
NCOLS 189
NROWS 177
XLLCORNER 690600.0
YLLCORNER 5139200.0
CELLSIZE 100.0
NODATA_VALUE -9999
[rows 0 to 17 of 177, columns 42 to 83 of 189]
-9999 -9999 -9999 -9999 -9999 -9999 -9999 -9999 -9999 -9999 -9999 -9999 -9999 -9999 -9999 -9999 -9999 -9999 -9999 -9999 -9999 -9999 -9999 -9999 -9999 -9999 -9999 -9999 -9999 -9999 -9999 -9999 -9999 -9999 -9999 -9999 -9999 -9999 -9999 -9999 -9999 -9999
0.05895456017628716 0.059053088356179305 0.05900288570901809 0.059078545743706884 0.05830422751492783 0.05694961702373777 0.05594743323368385 0.05507614699405859 0.054779266337886316 0.05449132108432949 0.05414117154457706 0.05422647979101797 0.05408027631931127 0.05263941841205993 0.050994567151238825 0.04983791265129503 0.04949769111186918 0.049485011746065566 0.04889970052436995 0.04831533532514794 0.04827553316077932 0.04804544581392495 0.048165471650513936 0.048355708191282674 0.04862197055061275 0.04884262984986811 0.04926883264675939 0.04969316267169655 0.04989156635162023 0.05016364160925007 0.05022740297554795 0.04980067321304599 0.049297484799576435 0.048668443661529885 0.048045877526351345 0.04766410380958888 0.046802841505668595 0.046326388001376596 0.0457762880604018 0.04494149650281644 0.04334400093550916 0.04116546247387184
0.06926375191604295 0.06873718113918675 0.068593859507906 0.06794309937564492 0.06754020904487279 0.06665058598630942 0.06546147657662547 0.0646384550953867 0.06419834897920143 0.06352598047072097 0.06233219756083182 0.06138548788465896 0.06168395777983255 0.06203822374492353 0.06076805447838449 0.0594435817155796 0.05828344131292159 0.057567792261735945 0.05657903369771659 0.056329333371699396 0.05616746034133276 0.055836393827041385 0.0557795711236425 0.05563171549511099 0.05547918504765832 0.0553317687911479 0.05596147758544212 0.05650835464862957 0.057402503160650306 0.05818805986439443 0.058897400912164936 0.058643052019926874 0.05855488926381648 0.0576480174982654 0.05623262212377725 0.05571407353889133 0.054995767347115476 0.05392916863314494 0.05287019605558903 0.052154296130706136 0.05027628828160744 0.047795978441696335
0.06846295449169244 0.06781187183249301 0.06758962004023752 0.06727774352888372 0.06654644133666253 0.06582183347657228 0.06471293080592196 0.06377687415574583 0.0631833871063154 0.06214809490448288 0.06139300211202875 0.06049229392966076 0.059594265131196256 0.06000988740000846 0.06014483431177125 0.059572221086844686 0.0583909378151628 0.05671202874523217 0.055781687169909056 0.05536364210894633 0.05453103069837501 0.05455167381885981 0.05441440265697725 0.054111786225231766 0.05392548498483935 0.053660809155085504 0.05436596663160574 0.054875543815167786 0.05559333200927598 0.056257499838755276 0.057258682005032945 0.05790431756266944 0.05814797580092292 0.05770443383112474 0.05619985367448707 0.054309226512326635 0.053096433443018135 0.052075579548862945 0.05095212312105823 0.050199846812320766 0.049318768088256804 0.04774145182168094
0.06759246060415837 0.06698547329004124 0.06654769711138542 0.0661970203974761 0.06581043696628056 0.06487198792827945 0.06381196656903951 0.06235880842881509 0.06160369366139353 0.060971146911164655 0.06032811604675622 0.058964551891358595 0.057976141312157496 0.057847946585935416 0.057084991661307045 0.05726403334313045 0.05778732246987524 0.05620914703669767 0.055252251721633866 0.05403159261228335 0.05340382365627045 0.05298489833064347 0.052490904858987324 0.052258440817893756 0.05211429507244023 0.05229313705117762 0.052471181122250715 0.05322898569225216 0.05391931859812536 0.05457394490149472 0.055759723448294 0.05708070531781378 0.057506806078228154 0.057687471349224154 0.05662036383003549 0.054288454906306315 0.052592772317351565 0.050758756068948564 0.04959474726356594 0.04855126806747213 0.047584906410104405 0.04653287402381102
0.06706357733567962 0.06620163896882174 0.06553752663185691 0.06520475339063729 0.0647825950389941 0.06389882920311703 0.06258259071235313 0.06103085765999794 0.060085096882874195 0.05935931779960384 0.05875238140239011 0.05770382796564658 0.05669262260061073 0.0559905964150085 0.0555068490138082 0.0552183734798953 0.05642737018909595 0.055273000042772844 0.05374358293720868 0.05283808413031634 0.05179060417592694 0.0510777773754556 0.050351336546519736 0.04979028343847812 0.05032803430180569 0.05017586063144388 0.05079036150621092 0.05148157236456805 0.05229581121147898 0.05302311123582458 0.054646207182156896 0.05595451110358664 0.05712560667436591 0.05743254985161298 0.056815440903453 0.05480083805706912 0.05316087663029326 0.05158422835807454 0.04996061904893468 0.048806479654541324 0.0475293271649911 0.04614554423270801
0.06664139044589072 0.06567793748822422 0.06474567042454288 0.06405954846987245 0.06345700139980714 0.062190677163541125 0.06058833607892074 0.05918032560335109 0.058087764878387856 0.05754202994808944 0.056688200453297075 0.05608931031771965 0.05527689335866794 0.05474630003955334 0.05383649257508318 0.05327379485490356 0.054499440660693385 0.05409624325009013 0.052682087167604114 0.05187119086317394 0.05045463737264425 0.04912495542803106 0.048077416392011206 0.04774909389856227 0.04813762121025069 0.048526105982896035 0.04871359343128977 0.04929512202896983 0.05031618926192363 0.051431478524492986 0.05255929636765477 0.053877633988543325 0.05576006255728543 0.056928993924269845 0.05678702360622284 0.05508189270908759 0.052957444240739025 0.05167800658545942 0.050573270783779406 0.04913014200677163 0.04753981905696494 0.04543809358796713
0.06554984143602008 0.06468002087890766 0.06391563659862035 0.06300800550716244 0.06195312818839057 0.060216593572181565 0.05895230177483929 0.0573581891184526 0.05612699804064245 0.05542677260206302 0.05514477103067866 0.05492656010066883 0.05431049094456824 0.0535528845422977 0.05267116660469129 0.051848356633978444 0.05313769206737396 0.053221936806084016 0.051683167056426275 0.05083970504745528 0.04971594803305298 0.04830403129075019 0.047078782556016656 0.04647521979824531 0.04599097191577249 0.0460776392330908 0.04659962799146602 0.047375553730089066 0.04849640011659985 0.04939622813217097 0.04994971131218505 0.05237714325685648 0.05414718785573379 0.05575077258389481 0.056455163452189976 0.05485856034290335 0.05220870955310338 0.05008858097330891 0.04931160505235648 0.04789472304119061 0.046716303041223026 0.04521842135799365
0.06414669313391066 0.0629928838850885 0.062076604737670314 0.061613196898065034 0.060766923644085785 0.05928867849437894 0.05730008506740333 0.05584698240740101 0.054799013554344786 0.053523357937796535 0.0533076562865931 0.05300415920510842 0.05288012812211071 0.05221037602640612 0.05178276873263564 0.05109444609664327 0.05117679740005416 0.051778403283215084 0.05086573885461527 0.04973503706064657 0.04855466049060639 0.04730640100222819 0.045836334253821255 0.04501812993261137 0.04345534193210419 0.04106147324744082 0.042053676731756376 0.04419817440685086 0.04642068305544058 0.047313466056949124 0.048188718604383875 0.05021642610313355 0.05264286064905772 0.05446150049899338 0.05568357994936901 0.05549273423398464 0.0529202461324947 0.05088880604855328 0.04935553034513877 0.048321999469254216 0.04689101517661623 0.045381296421513125
0.06304418712092125 0.06166068746482078 0.06059253122296971 0.059903074591751544 0.059419377963754016 0.058479480547985185 0.05624819654760249 0.05493800842601584 0.05366724066292271 0.0524517878578934 0.051752370168577075 0.051799792225787934 0.051419525490397 0.05107305793702572 0.05074674086924541 0.04940949088900086 0.049421361258614266 0.050037186694829434 0.05028558028590168 0.04886055156522657 0.047510667119290605 0.045940963614327146 0.044676153555498616 0.04322507919200007 0.04164790316694772 0.040488664321785696 0.04064675654957363 0.04205606712833479 0.043988443413406034 0.044443435116696094 0.046452560595261524 0.047809959532498926 0.05007822381944869 0.05306039959347695 0.05467351732611484 0.054956395123309375 0.05420970760908938 0.05215400570015939 0.05037417850023302 0.048060694681626964 0.046330547366268085 0.044998650273279074
0.06181453195173911 0.06064996083586555 0.059794008224738904 0.059067889817934316 0.05790345686704786 0.057637333520375776 0.055332530165081675 0.0536450479496338 0.0524000077415038 0.05114684558779691 0.04992147978475934 0.04994535133807162 0.050155258235837684 0.04989476403408993 0.049342509509899456 0.04892434644343293 0.048124844332717395 0.048519511380833526 0.04899333835126016 0.04847626617832496 0.046356056776853005 0.044141978958064036 0.041865765976066165 0.04029425062568706 0.039127134949105274 0.038152513422902996 0.03959374925891871 0.040922720402372416 0.043063855354158936 0.043293139835408175 0.044409835561626344 0.046129224602383334 0.04943114477412274 0.05140793774924145 0.052231186202334065 0.053550358901881034 0.05421612195071225 0.05298447324987339 0.05068546523700422 0.048444384767537096 0.046610163445281814 0.04547882345038994
0.06075061995391255 0.05996181687795328 0.05907187130572169 0.05809579135489397 0.0569083837505939 0.05612444417403998 0.05499635276548361 0.052812378314116844 0.051264225303116376 0.05013468006264296 0.04856158022779346 0.04805070097627062 0.04783165602063497 0.04795566231996 0.04772468664959914 0.047285260253940156 0.04678936065356209 0.04707708350398812 0.047220843392773534 0.04713582424152422 0.04494861273291396 0.03943970869003169 0.033102955373694676 0.032148722356326834 0.034527623846600394 0.03693319306965572 0.038769916821355964 0.04038602009058368 0.0420610889300805 0.04274906438400686 0.04409882272318888 0.04643079650159062 0.04829177654027745 0.048883831595152666 0.049811670448549145 0.051127281581053584 0.05294284194115656 0.05347594780818513 0.05200896903031627 0.04964235166396663 0.04788807125791684 0.046325751336404826
0.06026341272875739 0.059383849143705945 0.05842575464179935 0.05726865845995332 0.055898378745243046 0.05429183878410736 0.053583366247478434 0.05241372935003308 0.05061349811348596 0.04905801099977956 0.047940455036924526 0.046355738854604145 0.045765217556817436 0.04569035209204426 0.045335618417967086 0.04378958079379207 0.04468267153002842 0.04526101896688536 0.04555100089051128 0.045316012185278545 0.04000445311272059 0.03413159550833312 0.03314013403115987 0.031814256225898396 0.030496559455490378 0.03198846613675918 0.03496433992826217 0.0389404599976978 0.040965942422061835 0.04258044966560599 0.04389768297793785 0.04535477162219261 0.04645142875251578 0.04729231984070624 0.048471112202180866 0.04992821436634771 0.050982870853808364 0.05237792100426828 0.05254495594995441 0.05125830990623917 0.04969991626132003 0.048171995584216656
0.059936807933862114 0.058709106751268635 0.057594902087525386 0.05638154022910303 0.055016992134095694 0.053428925029927424 0.05185022439320847 0.05119540093669733 0.050309744285487235 0.04891540119604809 0.047719532761717164 0.046315470889098556 0.04502519847272538 0.04408165402508517 0.04172266220144501 0.03992245381287583 0.04165337280559631 0.04333247159001598 0.04416601128650002 0.04401399212094875 0.038716260437472526 0.034184574266288015 0.03253598347574398 0.030900031774066774 0.030880088042676383 0.03214124738088687 0.03459174686354994 0.0376716203017664 0.04000909941369511 0.04167262998351979 0.043384326135774275 0.04453225503302311 0.04472891104798049 0.04555572971689583 0.04722837879756667 0.04836217087335799 0.05015030015752441 0.0509052668969709 0.05121329427501837 0.05129802118043645 0.05095153195658288 0.049793786084148105
0.05848118332879778 0.05829732033043026 0.05666029761661108 0.0554118235845801 0.053998011308974525 0.05242509024891171 0.05116534637302072 0.050384433264160984 0.04985266505075678 0.04823069426771529 0.046893403395764914 0.04594232828267924 0.04360587972759216 0.041483135538291194 0.03927069383863258 0.03671992107498943 0.03874381796705539 0.041052874927608986 0.042917737117272314 0.04314632762620447 0.04114228163265271 0.03793916847247073 0.0350213152565634 0.03183820439122505 0.029997121215760727 0.03152665012895473 0.03450510544986046 0.037366451268705775 0.039157070464021886 0.04097927326772805 0.04267561930154402 0.04290836424166293 0.04331279952587551 0.044283528826981715 0.04523427584453998 0.04702138928473286 0.0491878865853862 0.04946072406463069 0.04939011540565743 0.04937533996451196 0.04929264090669191 0.049364504584524765
0.05757375544021197 0.057305320377399493 0.05652569869301646 0.054585405328506 0.05308929855486846 0.051949868726387176 0.05085146472258037 0.04985789382497062 0.04918579852857452 0.047570394862062486 0.04440454786212806 0.04200893252851442 0.041033023288750387 0.03804260105487969 0.03748134463050298 0.03733618343795407 0.037466128313722834 0.03909324583089875 0.0416435091237756 0.04203750677479703 0.04035838080998893 0.03738077208398881 0.03424511882216246 0.03337145274248216 0.03235089188521204 0.03261445618710991 0.03403194655391968 0.03498042071903942 0.03699427937200202 0.03934026294035161 0.04089220514841323 0.04158740386700238 0.04199947180125549 0.04351197316706781 0.04477745179625697 0.046329369163407415 0.04703284076906139 0.04814610700637615 0.04727966512975745 0.0458736665601838 0.046580754753480176 0.047269585735122445
0.05694112185058611 0.055877880024715776 0.055596253725983175 0.05480683934483996 0.05355485532118105 0.05213511519763978 0.050558654262940046 0.04923812810798686 0.04832751248636059 0.04661248454662682 0.0436541285282436 0.03891623732122943 0.0393619584129109 0.03848527988142061 0.036269332911134884 0.036047773070994736 0.03681098013040348 0.03877114329098666 0.040555231346846056 0.041159720729635585 0.03938675842221454 0.03708911389348203 0.03544311461143411 0.03317852228488382 0.0320285549191811 0.030208123860800122 0.029095373707089284 0.03135095011025612 0.0363387274323582 0.03809233985988914 0.039548535236572674 0.04029114942830701 0.04165647727545175 0.04304482198600732 0.04452581326187606 0.04520049314369456 0.045217220255310366 0.04673695614941814 0.04613739605379331 0.04493085892937947 0.043672838297210664 0.045010596035682485
0.056115229818758265 0.05535564939989504 0.05411851778993028 0.05348154567849967 0.052404971626201904 0.05130303764870601 0.050182717373565396 0.04907853574235876 0.047318926281473814 0.04596710286041291 0.042937765398382205 0.03949197279385328 0.03601806176957068 0.03526885551872135 0.036340845486717295 0.03512292226734406 0.03438946263299989 0.03700061309842909 0.03975657901223364 0.040063554063355905 0.03868137653251948 0.03630313655400939 0.03296790208268775 0.03134160400413197 0.02773716769095617 0.027356527435007445 0.028497736247784764 0.03181080444219278 0.03426882756734033 0.036302381712025496 0.03777480958494909 0.03924486085058929 0.04086811579720207 0.04238597038152895 0.043778042490782654 0.04397902446801851 0.04457830047303554 0.045136122280771865 0.045278294986448614 0.04353833522266408 0.04319943135967233 0.044800610883123225
