resources/Output/ETP_SO.asc
NCOLS 189
NROWS 177
XLLCORNER 690600.0
YLLCORNER 5139200.0
CELLSIZE 100.0
NODATA_VALUE -9999
[rows 0 to 17 of 177, columns 41 to 81 of 189]
-9999 -9999 -9999 -9999 -9999 -9999 -9999 -9999 -9999 -9999 -9999 -9999 -9999 -9999 -9999 -9999 -9999 -9999 -9999 -9999 -9999 -9999 -9999 -9999 -9999 -9999 -9999 -9999 -9999 -9999 -9999 -9999 -9999 -9999 -9999 -9999 -9999 -9999 -9999 -9999 -9999
0.020994282001258087 0.020496859689175955 0.02053344617370342 0.020515147727932725 0.020570074276145434 0.020205668447942495 0.01948941237727098 0.01894589859344266 0.018446660144997958 0.001829354017362147 0.001815815706861011 0.0017939613464912803 0.0017939613464912803 0.0017906151266797515 0.017245875081702184 0.016397367514342898 0.015746325691235522 0.01553350728046778 0.015548639071915116 0.00608728355901964 0.005957178996527879 0.005957178996527879 0.005898723078419943 0.005922054299095075 0.005957178996527879 0.006016061343882455 0.006039733766108287 0.006135106749845059 0.006219455628766047 0.021916805498833677 0.022151976640243782 0.022281015887805112 0.02195942907588005 0.021641212197143173 0.01667455486834291 0.016269591530568492 0.016077811796770463 0.015590176489507447 0.01534288113330796 0.020465061721524985 0.01995497519420596
0.020588403927719476 0.020332736068553178 0.020079112798102698 0.02006107525955475 0.019773899640365047 0.019631319435252294 0.019242697779656988 0.018686557765294272 0.018276580030807347 0.0018107564095901215 0.0017822682429557129 0.0017262173606458716 0.001679386019120494 0.0016954330929564141 0.01739294675239083 0.016922151148931475 0.016147124596211506 0.01557893473704265 0.0151586862439481 0.005852265103580123 0.005806079563034481 0.005794575718138794 0.0057202151282994 0.0057202151282994 0.005708838748217349 0.0057031569250184455 0.005629679209515343 0.005783088881680072 0.005846477017007441 0.021076905663159458 0.02176809470068116 0.022194929785879274 0.021938109798811042 0.02195942907588005 0.016888035668478154 0.016125598630873875 0.015840457100285088 0.015574633137577214 0.015189834527053015 0.019854139931443134 0.01961373867206631
0.020260063356392074 0.0199890297962651 0.01968470818302988 0.019578025349230282 0.01948941237727098 0.01917258781791366 0.018859186693707546 0.018378500474138408 0.017956360559442563 0.0017656545100863295 0.00171807879364668 0.0016890014182296717 0.001647613063538967 0.0016007567586244697 0.016397367514342898 0.016650351860908727 0.016491915386141358 0.016100509230949175 0.014907620089062714 0.005760166218285486 0.005657855071069722 0.005506962606074801 0.005512496244516245 0.005495907996102863 0.005462845452605427 0.00543540930803826 0.005337510726682561 0.005484870270843948 0.005579229503021074 0.019961049237564556 0.02048292786253043 0.021076905663159458 0.02155692320533443 0.021704586087902645 0.017003809583469642 0.016414533683426682 0.015250913660053688 0.014693012936731566 0.014310441630777476 0.018674668727486222 0.018237396388970394
0.019899208688709178 0.01959577952326947 0.019330572805936558 0.019120116288114008 0.018980657480207455 0.018876507888271464 0.018446660144997958 0.018023455551210894 0.017360189316019722 0.0016906077313700312 0.0016714026272430628 0.0016460356593437514 0.0015807516101460023 0.0015292852512097145 0.015337766874612649 0.01502538477281167 0.015069722544182183 0.015685306482771465 0.014746807696049857 0.0057202151282994 0.005440888107081357 0.005321326718454923 0.005256968263923134 0.005209095265282399 0.005161560878627143 0.005161560878627143 0.005135298966326785 0.005161560878627143 0.005299806805069982 0.018928274753795344 0.019468711897199873 0.020180616782176298 0.02105621470358859 0.021368148229965012 0.016954121647797187 0.016740029787304014 0.015466156059351636 0.014559702616391635 0.013540645673831994 0.017569340986848585 0.016938830058802888
0.009860176622267135 0.009691712220934975 0.009490328740103728 0.009334676603390398 0.001853209888924002 0.0018446660144997942 0.0018073888711241945 0.0017507934469101743 0.0016857920032223442 0.00162406444362154 0.0016069485856534866 0.0015715794688465352 0.0015248034299222757 0.0014775950416244178 0.014443379600969985 0.014215342290618339 0.014130528555931318 0.015173550890541246 0.014357547095534742 0.008136696524652737 0.00789346262234724 0.007616834082113264 0.007446867403698875 0.007287428039477472 0.009478057887003975 0.00973666032680925 0.009576864147518425 0.009807233415483112 0.01005227094754425 0.021891935309753113 0.022547017080890065 0.02380683934900522 0.024847527322281623 0.02579503651392012 0.016921055145956876 0.016789259323543942 0.01587195238674636 0.015053085918329495 0.014194292416224644 0.024216245051500582 0.023183057794256137
0.009762412989300006 0.009603810836424198 0.009395003944286483 0.009172242220732714 0.0018040255947568652 0.0017939613464912803 0.0017294802738368296 0.0016618578900417086 0.0016023031094555278 0.0015397802289524596 0.0015203312216570126 0.0014746807696049862 0.0014500813785721313 0.001415875739779747 0.013906222783714195 0.013506562430680321 0.01326295122405298 0.014032061336123003 0.013878375000371805 0.00789346262234724 0.007671546700637002 0.0073402713499231605 0.006991250571699394 0.006683747331812385 0.008762904394970211 0.008921028670502325 0.009110030206842411 0.009119564997317762 0.009302265306867591 0.020456470969272722 0.02184730778842903 0.022319437279075035 0.023287270387692717 0.024749310726034333 0.01667455486834291 0.01672364343822715 0.0161096579791347 0.014932320486893138 0.014266799537704421 0.025259802581521405 0.023991809268582694
0.009499026400784013 0.009369117549368191 0.009231863319927574 0.008994943367289931 0.001763999008506445 0.0017197043678668835 0.0016397367514342886 0.001591501134843223 0.0015143832273924566 0.0014544001050602268 0.0014187028638907783 0.0014144637677674307 0.0014004023146473644 0.0013836682592225276 0.01339787052192779 0.013049261061656641 0.012604045116228752 0.01339787052192779 0.013781240611290612 0.007687235076302759 0.007454527892773479 0.007227405958865686 0.006853994130463848 0.0064963646428401 0.008444607441137645 0.008417776233260378 0.008480492838648096 0.008670969218059406 0.008781387187976107 0.01935881418954012 0.020203679361180366 0.020099088983383386 0.02238752420752142 0.023711725387839572 0.01615751506159239 0.016592975457825124 0.016141550991288053 0.014722764472482512 0.01331893477832532 0.02340142337407781 0.022209036485201415
0.009274609256254118 0.009062208884226193 0.008828272550431655 0.008574154271641711 0.0017018818921757056 0.0016618578900417086 0.0016100509230949174 0.0015099334415270705 0.001441472627298308 0.0013948073757552686 0.0013330279645630174 0.0013262951224052974 0.00131691318867773 0.0013182503210462718 0.01283824741581696 0.012746768305765337 0.012347763329971964 0.012488205768455633 0.012917064437949068 0.007546938272549158 0.007227405958865686 0.0069621717885831385 0.006634746652606611 0.006313332174945283 0.008109964546920978 0.007870578405633304 0.006784783752463512 0.0070643064790800415 0.007753149436771762 0.01834813861294638 0.018758934935185316 0.019056951165583893 0.020733163593917057 0.022730364524150618 0.01554358141152445 0.016189478336680507 0.016414533683426682 0.015144147166705703 0.014064502284501176 0.02386784072370205 0.02327990575008835
0.00900333290660479 0.008811722874167897 0.008477165464782072 0.00822229663016414 0.0016193836329989907 0.0015945820608168917 0.00158688777387964 0.001470317349362874 0.0014060141872137839 0.001345213235285141 0.00129302371129331 0.0012578230454248593 0.0012694723470188774 0.0012591132597374714 0.012373205264060874 0.012360479131541178 0.011700711687038906 0.011664225869942913 0.012070624156306648 0.007500621209817165 0.0070864316533323455 0.0067755320235211546 0.006448495724110976 0.006128070592800298 0.007753149436771762 0.007458043857823308 0.0066523785246473165 0.006507973142289364 0.007003023712001361 0.01635186884137756 0.01636947361039851 0.01796382976957438 0.018838030859675337 0.020669049240833116 0.014962442294473733 0.01573059160282335 0.015919282978772813 0.015998401155662513 0.014782406239337183 0.025571822335456674 0.023062454896125052
0.0175738768202819 0.0170026808707519 0.01646035659343751 0.01606948585653487 0.01580751610146003 0.01524803429922276 0.015427884122376228 0.014343278851724013 0.013520196252710961 0.001291706443794906 0.0012411445672831463 0.001179845553571327 0.0011884517271282566 0.0012221172948906442 0.0024041540196259046 0.0023523450225254447 0.002342578798246477 0.00223494597344364 0.0022990336623347303 0.01189685269460401 0.011725086482941616 0.011127881972041379 0.010444307174222213 0.009262264198731678 0.008706199753507166 0.008242844314512703 0.007300777637016371 0.007879492574552015 0.008370319411370161 0.011187065786734963 0.010983128592668598 0.011517676135382411 0.012493275928023122 0.014484748987567977 0.01961373867206631 0.019834020070358616 0.020630374463104516 0.02142946805924033 0.020692627898079914 0.02943765309711155 0.027108264271599035
0.017132084893268756 0.01650771084563897 0.016178255044191757 0.01577689949448477 0.01536776320866346 0.014892947491319697 0.01457284573393262 0.014201180162733968 0.013222680046905742 0.0012475386543359924 0.0011995904634291346 0.0011316238926981955 0.001109285142085577 0.0011163002830654539 0.002258510674507051 0.0022443477038582823 0.002202292832061711 0.0021426899363932305 0.0021861133875889257 0.011116195091891939 0.011423323550773079 0.011081194623338434 0.008658847853533172 0.006060985682961138 0.005598254738602716 0.006380696822115475 0.0072443128358579 0.00783618690467508 0.008251891773403179 0.010550409701351928 0.010817609897669151 0.011480532470156776 0.012883362271395955 0.014055472789478867 0.017405429471457845 0.017975230925990456 0.018751553024542914 0.02023940869729492 0.02081756250055771 0.03150630699511368 0.028370633070618503
0.01693823568766459 0.016334549777718303 0.015961241294940816 0.015548639071915116 0.015054932616542472 0.014500813785721323 0.01375358297540301 0.013465724094474949 0.013330279645630166 0.0012297003381829884 0.00115553175791485 0.00111747298672182 0.001043321605476177 0.0010191689375569479 0.0020667674904247366 0.002086643210952353 0.0019093045070483132 0.0020123873145952227 0.0020645688738626126 0.010477639491976075 0.01101146416030856 0.008975599741772306 0.0064379461923025905 0.0058217936399815795 0.005311629535029111 0.004777539183888507 0.005365335199213243 0.006288715816626218 0.007818925290902152 0.010099524891689552 0.010852894262658225 0.011492902283775686 0.012216987813041535 0.012693801526688465 0.016189534070246807 0.0170991843699708 0.01791944508919733 0.018751553024542914 0.01991459388564443 0.03103376000251887 0.02989139125850991
0.016397367514342898 0.016209428323844383 0.015700545236202627 0.015173550890541246 0.014674137264807317 0.01411643003112671 0.013411420213102146 0.01266876343055832 0.012424213154622466 0.0012221172948906442 0.0011567377865916895 0.0011280725716476371 0.0010611854914015714 0.0010137455683651216 0.0019592184839624677 0.0018245793568455676 0.0016109785181051346 0.0018029349829448583 0.0019362047661558408 0.010040446962225082 0.010555759301422057 0.008443949204631469 0.006510204717755734 0.005782848560018252 0.005182658968186928 0.004580026863126211 0.005425658840606642 0.006359355434427947 0.00758087751600742 0.009751240911263066 0.01049309447550034 0.011308549946224008 0.011971452482558969 0.011818535595837266 0.015141365522761173 0.01636131493557945 0.016921088574714565 0.018464516827952717 0.018886698896062072 0.02931756710326027 0.029739545359746142
0.015853521275628054 0.015488176064004237 0.015639654410922195 0.014834363698735593 0.014300537820748497 0.0136983943457016 0.012996257068917352 0.012436990980059326 0.012120642535045847 0.0012045676598109473 0.0011411384843007973 0.0010965177245704496 0.0010566958687984929 9.997583908235542E-4 0.0017795785863944221 0.0016431510452004918 0.0013433382724800651 0.001551756371206887 0.0017412399507014324 0.009838223007041631 0.009997583908235538 0.009608400152791947 0.008352001571398902 0.00704596024597836 0.005718516784544293 0.004574948835805378 0.005171095494932854 0.006409259769535359 0.007398525702022991 0.009518095233259942 0.010266568015424877 0.011162904474096347 0.011102698313892982 0.011114717038478014 0.014443653185645746 0.014916333870495265 0.016223770849392034 0.017771358538132453 0.01808721786533388 0.027619164147577552 0.027762435559505295
0.015412837861633803 0.015114156360395401 0.015084523143477385 0.014848993659072066 0.013962045234830831 0.013303316796137306 0.012877609005737126 0.01238594173008579 0.011946296726131553 0.018857922971547158 0.018124954930824135 0.016446351730090698 0.01423662869115539 0.014314224742194305 0.012049182431130541 0.011707176612032782 0.010952141957513985 0.011475700099872031 0.012732784529708779 0.008381234619905645 0.008628962627889853 0.008113207423251863 0.007029276715334605 0.005672504308135667 0.010643145427323067 0.009549024365696088 0.009699752114320524 0.011067348020184747 0.010956733123497535 0.010663310461690357 0.01193698549660198 0.012847238562793526 0.013016641937864507 0.013087806476381629 0.02333159033298897 0.024621949157994306 0.027326417344861572 0.026755304445134125 0.029465504643042432 0.028993343179132557 0.02744497418369735
0.015054932616542472 0.014834363698735593 0.014400415545713714 0.014314774215650972 0.014243698364140968 0.01364337448101666 0.013009492391615883 0.01230967788530181 0.011798455535713267 0.01839226929867785 0.017544283593127194 0.01627194674107516 0.012607188119283227 0.012859512227057224 0.012676824578902431 0.010770683668651707 0.010497998439832054 0.011124111454254655 0.012887828144841086 0.007930059526989821 0.00830003218458683 0.007716768408862825 0.006800193038845807 0.006419341357297575 0.010572025835120393 0.009591847829390626 0.008558481640317563 0.007514868736253477 0.008761460450184881 0.010592459209284161 0.011346196049506735 0.012095631730237822 0.0122696409013285 0.013002450033284907 0.02310560590137471 0.02475426800293781 0.0253707074252071 0.024940526005331184 0.027125396474808234 0.02767864007574258 0.026668437081998644
0.014878285554385093 0.014472075435248012 0.014201180162733968 0.013657113631513567 0.013452132352851408 0.01303599438583868 0.012616968013222799 0.012208570616939782 0.011971080184398032 0.017879567787549122 0.017123394844885842 0.015656934019465708 0.014113240941436922 0.011148885513433059 0.010174968695084715 0.012049182431130541 0.01034681029685503 0.00933573322528738 0.011629539415758372 0.007716768408862825 0.008060505885882101 0.007541542580425363 0.006614550961652829 0.0054427017877960275 0.00935869094613571 0.007190298159801454 0.0066664163563235745 0.007064830380743573 0.009634864279906069 0.009507124742109827 0.010639644192931149 0.01091479278702605 0.011806221136467605 0.012652071101818652 0.022610196380537968 0.024254648280015875 0.02399515861538002 0.024569189896642436 0.02523560920460196 0.027068764510716766 0.024874487018673015
