resources/Output/ETP_SO.asc
NCOLS 189
NROWS 177
XLLCORNER 690600.0
YLLCORNER 5139200.0
CELLSIZE 100.0
NODATA_VALUE -9999
[rows 126 to 143 of 177, columns 41 to 81 of 189]
0.01467631911944374 0.014439170386161344 0.014348699862425504 0.01447550262848958 0.014621396408276345 0.014786785055841046 0.014981464524705846 0.014953575879897138 0.01529106004198158 0.01558601217248639 0.015914007274220696 0.016217136564673783 0.016434591432111373 0.016128713736615452 0.01575906596794154 0.015614764470221702 0.015461840280158935 0.015234435592900775 0.01494422555086183 0.014639664220609198 0.014222716086270164 0.013823408508378914 0.013510157316457596 0.013227787284119196 0.012866780547732586 0.012473015756722182 0.012168196913314961 0.01193186394755276 0.011853891443436917 0.01153876843030655 0.011372587565076435 0.011335098659917359 0.011297716266966124 0.01139513708582076 0.011523602926542528 0.01162266656505705 0.011737843225865218 0.01183066634377366 0.011947533168507118 0.01238415945250517 0.012627733656207028
0.013964467456788079 0.013832265730085159 0.013823475273684103 0.013929125110685163 0.014070924333963392 0.01439384428357822 0.014448246407492732 0.014430150673989532 0.014786756660108554 0.015187353486235785 0.01546182719972419 0.015624368526710484 0.016060174051556558 0.01636514176145846 0.015991837528190174 0.015653152454864414 0.015480908974871564 0.015291083170283848 0.015093525352516417 0.014814469803219432 0.014539159070982641 0.014204767448313393 0.013666126802351077 0.013338496328554737 0.013033733063371716 0.012775690791228802 0.012537951089906267 0.012295781543753851 0.01214434147342037 0.011737787042216308 0.011531186064912944 0.011402652781540339 0.011372596025727238 0.01143279661003406 0.011554005367218578 0.011592111368745448 0.011599747705958315 0.011699349780765405 0.011971006799399627 0.012271823164605407 0.012676875872670013
0.013701010264872342 0.013398441492881781 0.013338537251450363 0.013467113227075302 0.013648723441227138 0.013832206559222158 0.013823483693625224 0.013955645419452715 0.014402894012719108 0.014648854656643624 0.015009382973900896 0.015262718818219667 0.015490431476353456 0.015691615016770466 0.016217065990749752 0.015904261309035474 0.015585997849533663 0.015433300210412448 0.015281637001102466 0.015093520744990084 0.014879225431872192 0.014484506596085389 0.014079754312103268 0.013709646702970802 0.01326177857205496 0.013067310588548226 0.01301690011586747 0.01279213704738173 0.012392139192911612 0.011947487540744116 0.011691636422394772 0.011599730188997286 0.011470559890629348 0.01157684173696302 0.011668587441711935 0.011569223933224881 0.01159972778507473 0.011722405044761226 0.012128537367012453 0.012335910909224332 0.012693318029506382
0.013753340482300126 0.01332138344436234 0.012966752118242577 0.01295004245144609 0.013092525194091844 0.013193859596467123 0.013312902484957492 0.0135879936572599 0.014026399579593923 0.014044241409157453 0.014466357566891767 0.014713067973737923 0.014934929689934425 0.015196755099511261 0.01575901587828113 0.016069927561361882 0.01587511053374361 0.015338380133197486 0.015112285673714827 0.01506547655857113 0.015018753833995573 0.01478676207297279 0.014493629017936386 0.014142153060483643 0.013805860605354742 0.013579284862576388 0.013312833158125145 0.012800460744005326 0.012359994835395802 0.01201023298871776 0.011838414912090693 0.011722419162943087 0.011668611468614856 0.011838391114446473 0.012112660470977973 0.011916220467236617 0.012002339063490224 0.012160235956632315 0.012440613880994664 0.012734407160788642 0.012676911348479732
0.013389799475021894 0.012825321976051202 0.012521757473547657 0.012352027122331138 0.012448768439371176 0.012537995404807057 0.012817031625190923 0.013193835881532553 0.013312861455364849 0.01358794114703749 0.013920218378953866 0.014151096924641353 0.01433966739618962 0.014713069191662851 0.015177932576436683 0.015576399626826599 0.015933356428747474 0.01573008529588207 0.015461834601691425 0.015309985909097266 0.015234449966532011 0.015121618645920525 0.01484219695141878 0.014603023945238061 0.014231663783645574 0.013797111011702114 0.013295812777546132 0.012891703518416743 0.01257867368264795 0.012192041130625286 0.012041694942082496 0.011986668828893158 0.011963150762956481 0.01215232258589696 0.01248107590418385 0.01241638584923719 0.012497309903965016 0.012619524203423771 0.012825271110118575 0.012775695473143616 0.012676913056903315
0.013134718900169743 0.012933348657242608 0.012611398338022448 0.012432631200984038 0.012279869636552584 0.01218416101882874 0.01231988774757502 0.0126768705505332 0.012644090625043547 0.012975070675518348 0.013253215416055243 0.013441268352368705 0.013770832018254138 0.014204791726609954 0.014722268505889629 0.015037396605225413 0.015376251717787968 0.015720420274922965 0.015710798643689093 0.015442773343525675 0.015319430391155598 0.015149784002753438 0.015056087318680031 0.014879232921006146 0.014493608804956025 0.014026426169536803 0.013639993869214015 0.013244748659212812 0.012924969030803058 0.012644058024681179 0.012392205827305523 0.012505430660070755 0.012513557604687907 0.012595006928143016 0.012817001517766654 0.012900014347847011 0.012933342898847514 0.012958387043021422 0.012883412585393673 0.012783959320054904 0.012652289254033094
0.012950038983960256 0.012570582762502175 0.0124083901526587 0.012239914306099072 0.012160339653601485 0.012136549464997367 0.012192115523011093 0.012215988191465382 0.012255865168097093 0.012400311053981473 0.012635922800749388 0.012693339404132684 0.013312832720831076 0.013727117593543245 0.014213744949981785 0.014603028388532956 0.014851409134846075 0.015000068038301688 0.01518734933269978 0.015300443449772999 0.0148422370905796 0.014879272343364199 0.014832979087201915 0.014612266740817274 0.014786684229003942 0.014384829740842335 0.01403532218391079 0.013727101515232997 0.013432639465198657 0.013100947993253365 0.012850169568893177 0.012933340441008712 0.012941689196947975 0.013033721533090384 0.013117838482050065 0.01310941487345709 0.0130421336398333 0.012941719818705961 0.012833619660902209 0.012701541131052138 0.012489224761787255
0.012841835828429645 0.012368085898357339 0.012184160472704299 0.012104882466642085 0.012112792694556411 0.012104882582541495 0.012104880843702917 0.012112793978440483 0.012144471182394834 0.012223969723021196 0.012408415026927647 0.012578770124012909 0.012792249431767613 0.013304353556779782 0.01372712856651456 0.013973264453192137 0.014115412366812052 0.014402912411478855 0.014768283943058312 0.014999976638950748 0.014630553579759939 0.014430165884875962 0.014484611973167218 0.014348750103071843 0.014258686639046073 0.014186957609162982 0.01438479838718765 0.014222697997014176 0.013911375368711235 0.013475693853447386 0.01341549758926947 0.013415528123986348 0.013355556687732861 0.01311786522061656 0.013050552364379263 0.012983502723542255 0.012941734324360497 0.012808793263601027 0.012693326889401946 0.01251358111661765 0.012223909006930553
0.013025255486883772 0.012432565739332843 0.012192107450044275 0.012096974896681946 0.01209697537864407 0.012089073704521579 0.012104878209276816 0.012073286444105151 0.012200072072340673 0.012263873164133344 0.012408413822370486 0.012578773874940757 0.012750998140221499 0.012991893302227825 0.013177020977304102 0.013449941899618593 0.013614041115876684 0.0137533991838873 0.014088710245045401 0.014630447713004539 0.014502784164822568 0.014312682731875 0.014186970678018869 0.014142270508536023 0.014178000040410334 0.013982202188379011 0.0139733365042626 0.014079784212568409 0.014115359069771087 0.01367483054783967 0.013355592828037288 0.013033786791313933 0.013084193355421313 0.013017013114168743 0.012975164150210225 0.012925079295174932 0.012792279632587658 0.012660553279656591 0.012456863226511041 0.012128613148356763 0.011869558981365203
0.013219238621725752 0.012603168417507117 0.012263839416528944 0.01217620771757816 0.012152397103503907 0.012160335342873906 0.012184164270138598 0.012200070182566036 0.012335957438727516 0.012464972866616728 0.012570595872026753 0.012792248626211299 0.012958438689278314 0.0131263200446142 0.013270355855749982 0.013304433536950482 0.013407040274592403 0.013527513342195607 0.013735949354800419 0.014035410582526225 0.014466398733595232 0.014124403609237906 0.013955667546799118 0.013902702005144223 0.013929162597635427 0.013973342891134244 0.01385864160137052 0.013544769905463036 0.013657486452593272 0.013788344759576524 0.013227822727705353 0.01290009283419941 0.012933426380718724 0.012933430527590786 0.012916766295163732 0.012858568622150781 0.012644232161704733 0.012473167097648221 0.012049743268863534 0.011846365659259023 0.01173031778679072
0.013398327993884998 0.012933330937882188 0.012554250522337693 0.01240029274723249 0.012303856817752453 0.01228784558461058 0.01231188457545309 0.012408390813122826 0.012570583496196556 0.01280050387239101 0.012966766361745577 0.013185432175761694 0.013321449374192147 0.013441331601121796 0.013570699692569119 0.013683578341992545 0.013762144087002813 0.013849858971258143 0.013982201870755438 0.014222779986019247 0.014231770509235452 0.014142253390847787 0.013867455357258458 0.0136923224359158 0.013666202643989364 0.013735948727923513 0.013727226119657042 0.013701044315228944 0.013544781455234366 0.013492989259524225 0.013406993677224453 0.01309261776491091 0.012775774769003606 0.012627849684205578 0.012644256109727968 0.01256260843089765 0.012424765941317457 0.012192434916907854 0.012026404104001593 0.011800120893394958 0.011722900197887414
0.013692208417983921 0.013253266049506903 0.013067276486313641 0.012900007771630103 0.012685117249065946 0.012676897910006157 0.012660522512135033 0.012775716135704586 0.012958401409020708 0.01316006071712151 0.013321441587229059 0.013458523629717573 0.013596687179908893 0.013709740124812452 0.01384106806427318 0.013920318891763685 0.013964521932772698 0.014044304225849078 0.014142273993224234 0.014169087494996001 0.014133357362912654 0.014053197729725086 0.013982212819051555 0.013744689071857864 0.013562082919940639 0.013518886057379526 0.013544789119985875 0.013449972886578574 0.013467164389696884 0.013287378255920756 0.013101078239922211 0.013210905441201104 0.01298355913413831 0.012619738544747537 0.012416711750709058 0.012256260842522257 0.012089647269684813 0.011964029738165259 0.01189391614304409 0.01176214634697993 0.01173129990845082
0.014079749569425945 0.013718408283123068 0.013544676351975336 0.013406915984406591 0.013025359042611342 0.013067326330847591 0.013000269873052417 0.013101041655187749 0.013312917146342439 0.013484353855013896 0.013562065712217679 0.013683610493826772 0.01379721091137973 0.01389388616855329 0.013938007148604383 0.013982226157232156 0.01400881124142683 0.014079880028379524 0.01412443183680148 0.01410659822200999 0.014062085443256314 0.013982228337752504 0.01398222014263711 0.013876255324841642 0.01360537833200573 0.013355653791030438 0.013338566882124866 0.013304443198543086 0.013347110331244597 0.013304390492166394 0.012958498308899669 0.013000339983822258 0.012842077602305149 0.012644444190124293 0.012620106151378653 0.012417341473914528 0.01222532836590642 0.012067349978613983 0.0119266168835165 0.01180251379507968 0.011794808192020303
0.01441197178886996 0.014160079640506106 0.013937936348570622 0.013727155142264942 0.013484349531423972 0.013321463999143976 0.013219402529178664 0.013287399471326067 0.01354476867933777 0.013683604169754475 0.013735958044999802 0.01381475501402205 0.013885086006852374 0.013938008720253919 0.013964528660321086 0.014017679597394797 0.014053195551984195 0.014044312462796023 0.01407098252060274 0.014070976788546356 0.013991080972016023 0.013955680596394033 0.013911521280591553 0.013841082412990953 0.013640097433991102 0.01344994768637534 0.01320242549786993 0.013075809731328051 0.013202450778502867 0.013270306178736422 0.012883518318648465 0.012808955614713511 0.012784257751854166 0.012497940202523757 0.012530930083794611 0.012539899551724468 0.01242764067923958 0.012260516054067017 0.01211103494240152 0.011946846008319871 0.011954792872001022
0.014749867920118514 0.01432165999392539 0.01404426705263694 0.013902680876161214 0.013692317123621633 0.013510242562158941 0.013398472756224244 0.013415622739348257 0.013527525022570744 0.013718497617365374 0.013797220397758627 0.013849891787432084 0.013885091550978999 0.013911532925631458 0.013955684924612974 0.013955687838733799 0.0139733769127603 0.0139910855261629 0.013999943285866755 0.013991082006561057 0.013982219557679944 0.013920339697997693 0.013867468793466155 0.013797203193941171 0.013640098648401182 0.013475750860769733 0.013295873228962956 0.012991891939084304 0.012891817951115044 0.01315163926012423 0.012767579590337908 0.012685379489711213 0.012908855983975735 0.012884377245896533 0.012646075339932866 0.012339658810969026 0.01242305513407311 0.012435085490846261 0.012286603405883629 0.012154156741584177 0.012138627049562358
0.014384885273675584 0.014621346679971586 0.014240710872677583 0.01381473715072244 0.01365751823965134 0.013648817357152888 0.013666211426603705 0.013692321223603714 0.013562096500866308 0.013648828469089899 0.013762192035574279 0.013788460679282848 0.013805997979643849 0.013858686547878994 0.013885087167137255 0.013885090334762805 0.013893897306500326 0.01391152648141945 0.013938005425673625 0.013938006660225332 0.013973363907840503 0.013911512785121405 0.01382352224245088 0.013735946409801431 0.013631405117760632 0.013432751305136494 0.01321935393332551 0.012950077103366615 0.012611461945675183 0.012817152629885944 0.012933546862808313 0.012933722890030567 0.012934139316924878 0.012935002266803365 0.012770855041995596 0.012423373998130562 0.012381197001605952 0.012422861939505633 0.0124584444179381 0.012418817632305105 0.012331287812555268
0.013920365322614382 0.014222792737478698 0.014348698918784174 0.0140620540217788 0.013788461682872242 0.013849891927260926 0.013832319853727598 0.013779691183614726 0.013596731619210644 0.013518899131347026 0.013657515464429648 0.0137010612161035 0.013709783273173307 0.013779696101997066 0.013814752406996826 0.01377094238031768 0.013779692097603649 0.013814756599155488 0.013849882793514992 0.013867473011143985 0.013902697147837201 0.013858657069562434 0.013709757733264069 0.013666193915601263 0.013614037818372775 0.013501573191033102 0.013270286211139758 0.012833616048557863 0.012586958519330749 0.012644238266339753 0.012908563757725793 0.012933856980269718 0.012892824322758777 0.012869270924026979 0.012872231326604294 0.012484838427172762 0.012271629949095865 0.012404888922426714 0.012449581082270551 0.01246644440563921 0.012453328048815774
0.013674951162850458 0.014151153639040787 0.014276657441799323 0.014133350128931474 0.014070977834667804 0.013929183174903147 0.013849896353032281 0.013770945296360795 0.013674913296688532 0.013527529505886341 0.013605402818136289 0.013588063216765348 0.013570746297687005 0.013596711212787504 0.013631432001301132 0.013631424712243465 0.013648802286475338 0.013674906502805657 0.01371848889927836 0.013762172774691883 0.01377092292481196 0.013701022143033176 0.013510232049445783 0.013432776531128713 0.013536114768426312 0.013458516266382656 0.013236288008135514 0.012825309561951569 0.012392297627811272 0.01238431468768557 0.012668958337120876 0.012784570913900326 0.012859921863540482 0.012713140182857243 0.012701174214264088 0.012719292115341011 0.01229446548309845 0.01226294206148263 0.01251468093020753 0.012576491694981776 0.012569745769366593
