resources/Output/ETP_SO.asc
NCOLS 189
NROWS 177
XLLCORNER 690600.0
YLLCORNER 5139200.0
CELLSIZE 100.0
NODATA_VALUE -9999
[rows 0 to 17 of 177, columns 0 to 41 of 189]
-9999 -9999 -9999 -9999 -9999 -9999 -9999 -9999 -9999 -9999 -9999 -9999 -9999 -9999 -9999 -9999 -9999 -9999 -9999 -9999 -9999 -9999 -9999 -9999 -9999 -9999 -9999 -9999 -9999 -9999 -9999 -9999 -9999 -9999 -9999 -9999 -9999 -9999 -9999 -9999 -9999 -9999
-9999 0.0698127699904744 0.07360859349008794 0.07742911106564196 0.07818862538147027 0.07519817979739812 0.07476342714287608 0.07796227299508617 0.0802844730680436 0.0814812265072884 0.08159072415446542 0.07915312202389935 0.07432268196187695 0.07160610632668157 0.06870863311384859 0.040637480424494 0.03986207644268124 0.039290699529542124 0.03841203633264435 0.03787404443521914 0.03748141542504752 0.037124911281564414 0.03743146905106668 0.03745710096705958 0.03724996115516552 0.05831894474137961 0.05912579459568426 0.058898995582193754 0.05897773247898859 0.058723192315874695 0.04191131068923256 0.04214373497263925 0.042430708616454496 0.042345061984403146 0.04224056854932839 0.059724669725678026 0.06118405764879516 0.06275923386286818 0.06199652627576929 0.060782089742053104 0.06007454525198704 0.05982379349980495
-9999 0.07178055561525468 0.08605749747263124 0.09128693909929572 0.09246401436382805 0.09029224318779194 0.09013171679335179 0.09381863858257813 0.09520718924189324 0.09494214850084509 0.09249113886353454 0.08819560349511231 0.08423249626528108 0.08095426577504959 0.07872037116114632 0.049630472602435985 0.04858817887706917 0.048052485637130285 0.04735949174466383 0.0470745525587922 0.04719385328056206 0.04708808664129498 0.046994659928217386 0.04674727078585208 0.046425246431480306 0.07034992630166995 0.06981715914991414 0.06984802327692692 0.0698311094774479 0.06978563642885487 0.051282365446097454 0.05137948600372398 0.05143480133524467 0.05120168880171443 0.05112416573906756 0.07006661999332177 0.0712153184288632 0.07263467224117008 0.07201804198883856 0.07064710811895286 0.06999682987501454 0.06979660955557479
-9999 0.07498977212057699 0.08827035685581303 0.09078807457710662 0.09452039603041021 0.09395781188333471 0.0950112251276276 0.0954789725432195 0.0944780659036526 0.09139928419930796 0.08891626086947219 0.08648698794606748 0.08283585829480376 0.07875803053200245 0.07734075402728365 0.04910338687562026 0.04840075286788471 0.04764487881401421 0.04772197550935433 0.047659106224031016 0.047341224943012176 0.04726302930172264 0.047175118111920614 0.04698284916402305 0.04656375286205428 0.06976379648439433 0.06928730337830313 0.06861795183679899 0.06885078109371319 0.06916561694793892 0.05101819068431926 0.051144102771145956 0.051082778635586155 0.0508463579144166 0.05084260407933003 0.07007859619003141 0.07093024336888061 0.07124378213112174 0.0715420672736715 0.07052096673904115 0.06978145680532084 0.06904511652341888
-9999 0.07741600243793696 0.09194496032440147 0.09280327618996621 0.09476508562629901 0.09560869347841071 0.09563796084053365 0.09404677509547305 0.09043545745912542 0.08858999680854723 0.08688074892942901 0.08420818635634425 0.0824566207046083 0.07946116703591821 0.07671310788995567 0.04892405768916778 0.048346829639267036 0.0479621225224934 0.04781138095635282 0.047515903743193526 0.047369219313606215 0.047131320396710114 0.04700621758687352 0.04654778281760629 0.04629826220877006 0.0692538064222272 0.06804644087934723 0.06794320248637166 0.06796701859466761 0.06842332065975663 0.05069499087407786 0.050885526592298586 0.05063939096520262 0.050463886521333726 0.05074516148157246 0.06931053185211379 0.06986025538327845 0.07063281988885395 0.0708213486852324 0.06994119957964906 0.06904957146222644 0.06826661649815834
-9999 0.04492074365003311 0.05708161491463227 0.05743983336156177 0.0572763619777316 0.09582831097189404 0.0941611515097799 0.08972483879894354 0.08841574065862237 0.08634682147981487 0.08423514152028456 0.08123473684635862 0.07823809466012067 0.07817993500417698 0.07710358650618161 0.07545006139089461 0.0741622712194003 0.0732927723289716 0.07242301097137417 0.07250421516032342 0.04704565439682992 0.04685681863233534 0.046177900011207695 0.0460453351052916 0.045736472069510446 0.06902629457628366 0.06807812888642252 0.06743212616313508 0.06755169991336268 0.06806926845815976 0.06847473686738045 0.06845437273717987 0.06831906899180519 0.06821799938194464 0.06883740915606398 0.045690188252261364 0.0459342311076145 0.04612838994500611 0.046070795065248714 0.04583260004602855 0.05587760660233665 0.055067129523222645
-9999 0.045942230442406175 0.057548125142780814 0.05754202889311895 0.05733516326651753 0.0953184838304981 0.0920455927608876 0.08731531633102087 0.08579760968030188 0.08415386338327656 0.08198210514407929 0.07946533905744098 0.0768482816329895 0.07634451696360703 0.07576088322081269 0.07544324238359022 0.07430935186195307 0.07337197821542812 0.07293201649875987 0.07199850007057794 0.046967311648209144 0.04651449358431623 0.04594623679036174 0.045268342860490356 0.04497858385826653 0.06774924625913699 0.06807984949258082 0.06768672267528973 0.06773600191761442 0.06757536197406061 0.06796689174673122 0.06804531288716045 0.06798834512523917 0.06799607201180546 0.06860717853158887 0.04544177565412866 0.04554600098456948 0.04558728623315938 0.045487801593187605 0.04531770687197704 0.05538593173498466 0.05471100661683578
-9999 0.04625065810232305 0.05732810502276879 0.05593507218626475 0.05576717159456868 0.093381033458315 0.09037583659024341 0.08627425692603598 0.08360566639740397 0.08206115877488647 0.08010492937137433 0.077897945220313 0.0767465133075034 0.07658458653341213 0.07605766923962594 0.07510824340789013 0.07440570673329003 0.07324198294226815 0.07219043520108608 0.07201083162437957 0.046744262695046085 0.046041057726285285 0.04523899183837955 0.0449823722436447 0.0444203453862593 0.0664085077011375 0.06682544697257436 0.06733246156088182 0.06737197883159202 0.06776272008475068 0.06773728256353097 0.06774704589591005 0.06751327231499113 0.06777067799027904 0.06825994758821316 0.04509775935410522 0.04508096141346847 0.044892140143841956 0.04465881254061283 0.044817192153416674 0.054180657684870875 0.053828999012306936
-9999 0.04546081982940431 0.05694391068055699 0.05578660596222366 0.05554579420668083 0.09120378774007198 0.08893948081722364 0.08520239261885962 0.08196267969740548 0.0802961154104773 0.07932541866800638 0.07805537091549268 0.07719790740149922 0.07626946691912066 0.07560752205795276 0.07525238712617738 0.07345735788556808 0.07308335463645833 0.0729089041572769 0.07212862606328681 0.0463674446345868 0.04567217928175435 0.04510424071870314 0.04450752989299274 0.044235166917092054 0.06635585398272918 0.06560768802684117 0.06606653434978163 0.06663400920088003 0.06719053517347859 0.06728844242954837 0.0673873011612322 0.0670692356186849 0.06734714359965978 0.06732591543945582 0.04465739597294637 0.04463841961864931 0.04475795840283258 0.04451242846796669 0.04433306645772547 0.053606307513441115 0.05303864557559549
-9999 0.044914217418427035 0.05695139522532854 0.055281322160142914 0.0552836327029565 0.0897439438101556 0.08772970376239049 0.08431778340902611 0.08115580945764131 0.07917892304916062 0.07829291767738183 0.07766635909721276 0.07650052734705179 0.07621694796200985 0.07510879323071974 0.0745183660166322 0.07392536492582624 0.07360542252609398 0.07302761978418161 0.07128441329808134 0.046096501706989125 0.04544385544110463 0.04498591335186998 0.04446852100495268 0.04421447566031702 0.06580317952514614 0.0657307396918046 0.06573850838090035 0.06641549638059026 0.06690167197284508 0.06686236392288096 0.06677152582547415 0.06657596668131 0.06673686895071797 0.06657875632068068 0.044187084904039275 0.04417047878423107 0.044138737899998184 0.04409456401192927 0.04398177444588862 0.053287024012640266 0.05213660195218272
-9999 0.045263187436837604 0.05707892118958011 0.055498763154123075 0.05476484298912118 0.08987973651736501 0.08692296519778135 0.08364706104461256 0.08084203757725793 0.0791260016351434 0.07802093086584819 0.07716344515481237 0.07655401470402785 0.0753582456414621 0.0746760235081072 0.0486587782490575 0.04843311215572625 0.04783874650132729 0.047105926459025595 0.04664512571689382 0.04590333237550731 0.04516742473485841 0.04464121729386855 0.04449106895348202 0.04404785015046484 0.041404776589503194 0.041404289297614326 0.04140384777915499 0.04144322801796107 0.04155599727492807 0.04156654224754506 0.041470106318244694 0.04148946579866988 0.041601109210099255 0.04153200806209148 0.06603840013914276 0.06573476331396932 0.06520392947728358 0.06528301989070565 0.06474809860779748 0.06422971977073305 0.06296651683741875
-9999 0.0462099635047714 0.05755334260884739 0.05570396614242491 0.05511338537351839 0.08961897242239236 0.08589868054007531 0.08294103397544582 0.08121302220794444 0.0789036421618528 0.07776459539184838 0.07693179783090784 0.0756355835063376 0.07464701406554256 0.07495798062425209 0.048671358497201424 0.048004500035707325 0.04757400983321888 0.04699873757586537 0.046356297000042505 0.04567734381862252 0.04515203793156244 0.04489781824966419 0.04451220525176015 0.04418513909325348 0.04136283123365348 0.04133663906533547 0.04126792067451981 0.04124324880822887 0.04128791887446415 0.041282819924388876 0.04116871989563537 0.041240300934562754 0.04134769356662849 0.041321617487289124 0.06571416537090635 0.065366707355844 0.06482449065172094 0.06421973572704276 0.06344958997576007 0.06275336850343692 0.062048773181349694
-9999 0.04630064233502644 0.057561459748522406 0.056358706839626765 0.054827386829357436 0.08890200707165287 0.08581124324497794 0.08318825232022001 0.08074257335611815 0.07880240561676992 0.07730866040380076 0.07634938728061418 0.07551868973762099 0.07522688831990847 0.07511631389994874 0.04836236571795168 0.04776924019309312 0.04729045691557025 0.04673037058329697 0.046188272780845537 0.045661622374178396 0.04517710564913612 0.0446786841272825 0.0443172739143885 0.04407983550160821 0.04135187183245963 0.041069496640590966 0.04102004651390227 0.041018764521086964 0.041086351077396686 0.04095318146281607 0.04087560365150117 0.04092908782289304 0.04101759085736438 0.04104548202792067 0.06512631463946333 0.06477289344194298 0.06416483026027123 0.06383545510015064 0.0630295298319196 0.06212558168104282 0.06151544767421056
-9999 0.044371133135846764 0.05650741887875955 0.05668678070345018 0.053371973302728144 0.08754901946172731 0.08507005442672191 0.08307097964420775 0.08101939510729182 0.07885043735173466 0.07709881130010059 0.07594670559573581 0.0755166837159831 0.07541587251266174 0.07418006039116275 0.04802809028244825 0.047590235199513276 0.046910880071689795 0.04662058122655487 0.0460202186633506 0.045459769310907255 0.045100625401583216 0.04485758332690318 0.04465509392756215 0.04396452494867916 0.04102875030130076 0.040845249959399255 0.04068682220390421 0.04070848103276771 0.04073636530795654 0.0407625811370491 0.04074493441604515 0.040716186175565924 0.040660653882958614 0.04056497554794594 0.06424631058642316 0.06396291774709303 0.06349140619793002 0.06278041972209225 0.06208471507944547 0.061302519020178574 0.060447276961220896
-9999 0.043061799127194315 0.05483236202868208 0.056720087143986735 0.054404174907007385 0.08772589618688016 0.08474857955443402 0.08306129476541345 0.08094405825622496 0.07932214571275718 0.07772021047932186 0.07607551770636282 0.0756031850551701 0.07442609537522807 0.07352094934897445 0.04774598986793547 0.04707223939866496 0.04666143712656799 0.04634357930392904 0.04587502132927502 0.04550203289286392 0.04530666958347242 0.044967703950199965 0.04466013011960423 0.04405428716944629 0.04102961215589228 0.040626879715774694 0.04051013140811647 0.04051560133327956 0.040560428846043835 0.04060517932198844 0.04054341534621417 0.04042450185026287 0.04027555896482823 0.040158861802866395 0.06327671857416449 0.06315318451985227 0.06211648234635632 0.06166727971819904 0.06127735793053286 0.06004577656867594 0.0592228192849704
-9999 0.07788154133209908 0.09456946822404819 0.0946624337573028 0.08976873737565093 0.08678376212329547 0.08497274928467069 0.08329751559342882 0.08061857768809035 0.07883822858222118 0.07779430632274185 0.07610721127754147 0.07380657323690677 0.07351466702564412 0.07330248141506789 0.07260809150812897 0.07164258375747894 0.07088526146991331 0.0702973403205026 0.06990632948118052 0.06937802702138715 0.06825677085554883 0.06697943852943741 0.06615281559609713 0.06601439312339218 0.04097380940894252 0.040559752743177704 0.04045701265698603 0.04043166401210385 0.04053054805121189 0.04048740026579534 0.040360508461647224 0.04019087837350451 0.04000618419271838 0.039949845656408904 0.062333638375099955 0.06233768845260275 0.06191510389798189 0.06122101661864737 0.0603609774370231 0.05926515456165816 0.05831750917493342
-9999 0.07908452872103713 0.09608763799178402 0.09177669478914607 0.08805716733691328 0.08508881705493637 0.0828856694137314 0.0817173289612407 0.08086270382613014 0.07892676601510576 0.07767697813875658 0.07593814708352346 0.07421749541931462 0.0737720452031391 0.0729377365154696 0.07268975250553567 0.07174066199286905 0.07139854347180365 0.07085175255841417 0.06991181939156436 0.06867136856412291 0.0673103160773884 0.06622408794489058 0.06538671168337865 0.06487883410590148 0.04082395430292359 0.04063861068228818 0.04050096141085835 0.040514860051850655 0.04051897860200279 0.040400191021189594 0.040173979769452056 0.03998494186319106 0.03991499199085759 0.039555727044466665 0.06213933623824601 0.0621303939181516 0.06128105389936765 0.0605257314061141 0.05988031380617948 0.05868199492408199 0.05751323831304508
-9999 0.08304947120644172 0.09487185936444387 0.09047466003264498 0.08667972538967779 0.08316150289830875 0.08096829518660952 0.07982730228111055 0.07946727393898381 0.07896511450937926 0.07832478010764231 0.07686441018286139 0.0755374955524645 0.07448945415095616 0.07353487905575257 0.07314213006669334 0.072806369377658 0.07187050299114385 0.07033452566133082 0.06857781471031457 0.06753438085887258 0.06652133263888536 0.06561575219138145 0.06507113579442496 0.06454082639030462 0.0405834768801927 0.040510594953548675 0.04047888236392445 0.04053627139409221 0.0405064831858674 0.040319127904198886 0.04011066972591019 0.04006133341295021 0.03982216451415186 0.039611442268466794 0.062120502571487365 0.06146198664953759 0.06042124389723896 0.059533863101106754 0.058640837415121196 0.05777430748471704 0.05698568157324002
