resources/Output/ETP_SO.asc
NCOLS 189
NROWS 177
XLLCORNER 690600.0
YLLCORNER 5139200.0
CELLSIZE 100.0
NODATA_VALUE -9999
[rows 108 to 125 of 177, columns 0 to 40 of 189]
-9999 0.015451039758167452 0.01507485915413562 0.014759172510225188 0.014366845090617445 0.014151210293254928 0.013982260033883595 0.01411550280285476 0.014393880045897273 0.014222790017123151 0.014169094562255836 0.01420488008275174 0.014160151798010076 0.014124409135392127 0.014053175830791563 0.013858641375001932 0.013501624783324968 0.013347104054066005 0.013075805648689483 0.012833662392037133 0.012538023084725613 0.012231942712086904 0.012112807289863504 0.012192140879347288 0.012554273798572463 0.012644067184237454 0.012448740064230945 0.012586772585232841 0.012311829960619426 0.012335824309529881 0.011955305740522774 0.011768657294718576 0.011599697382055747 0.011357577102878788 0.011312666432199392 0.011342609755520539 0.011470582416688677 0.011699357320955135 0.012089015066522433 0.012376147923598793 0.012644150779031057
-9999 0.014980194241367237 0.014953587240557608 0.014511928872617236 0.014258721032716009 0.013999908424687428 0.013631455171069807 0.013683632763057348 0.013991002198796603 0.0138322997204301 0.013718506369061304 0.013946774881540266 0.013735965998290987 0.013858629211930235 0.01381474374390773 0.013779640938584354 0.01348435986307875 0.013202445147550214 0.01301704218096696 0.012850257142072467 0.012595070417188887 0.012400336979684519 0.0123681160935665 0.012440713777453908 0.012767469134451523 0.013185343805648177 0.012883415963720907 0.013109297216599404 0.012800480820827525 0.012742615596227351 0.012311810264354966 0.012295731082142684 0.011830586329757064 0.011607332290362843 0.011493255136582338 0.01148570139967618 0.011538818700820436 0.011645642442160072 0.011916293000026655 0.012231929220689384 0.01257061357864366
-9999 0.014970868109140617 0.014648941850975566 0.014493729215193471 0.014178021121070966 0.013849864479951454 0.013449993886919705 0.013424233068358705 0.01356207857740192 0.013372792974014966 0.013553434978816246 0.013562063633504562 0.013347123932154393 0.013467141676707548 0.013347116506424075 0.01348435941651276 0.013424150338504007 0.013058999664738388 0.012975201473409997 0.012875198748979763 0.013000207168197142 0.012709803637577453 0.012759207584008956 0.0127592410068213 0.012925079463732659 0.013527374478289344 0.013501522637489742 0.01357056897021826 0.013270280546618567 0.013151554405445583 0.012941650160103088 0.012554219442980788 0.012335839553286812 0.012073175702368918 0.01183835624851631 0.011737790054413588 0.011699336167648334 0.011784182257428683 0.012002409136138764 0.012360047224610933 0.012709797277286166
-9999 0.01495224322951643 0.014557482045089323 0.014312707747882035 0.014079859663765185 0.013762178687712057 0.013501646060529589 0.013355691302644447 0.013321508129809975 0.013227907010296226 0.013338551946714402 0.013304421883461448 0.013101077868816632 0.01321091874879734 0.013059016104552306 0.013143236547237092 0.013160114195943678 0.012966840683406079 0.012858589451500905 0.012817140762255342 0.013143198914510263 0.013143196865080748 0.013287292297414292 0.0131010274373817 0.01313478295612263 0.01352746750396846 0.014222598950663842 0.014168892870395786 0.013823414144671206 0.013596597196273413 0.013304325735619552 0.012991802995641353 0.012866718784292037 0.01251356582568817 0.012513505458224324 0.012311768987251158 0.012073218209350593 0.01209692559876471 0.012311848990666308 0.012668703886240978 0.013050530607892774
-9999 0.015299210278282727 0.014694743549510766 0.014267688901753898 0.013938001969401266 0.013666198824515065 0.013449981354453315 0.013270388349140566 0.013075825538558612 0.012975203087192196 0.013017056184047074 0.01296684924636998 0.01293346692616999 0.012983579561403474 0.012966858502464602 0.013033828322587702 0.012950141605321831 0.012817136032167387 0.012866886913226301 0.013008666737716536 0.01327035223569312 0.013614011913072658 0.013893718192903162 0.013510177057950675 0.0133813319287588 0.01367487646690397 0.01417794622837961 0.014758976295825533 0.014502671049989754 0.014267515798539531 0.013718388427284066 0.013657342065871611 0.01310941052929553 0.013151576282701088 0.013168389748158295 0.012750873319706906 0.01248924915831213 0.012537992122978556 0.012750941102483867 0.012983497575467401 0.013398413299929062
-9999 0.015555966147559106 0.015028085700244644 0.014603088281132593 0.014195868095698781 0.013885019781430629 0.01340702788604805 0.013202458046937574 0.013075829634292782 0.012950144511545738 0.012808864934134506 0.012958489476476353 0.013058987282302708 0.013050595888644436 0.013193957845884702 0.01327885763623996 0.013177021114702954 0.013075797374094717 0.01311790517671931 0.013244864257896888 0.013579368798729377 0.01400874314972128 0.014448124696614405 0.014088663212102977 0.013727225114320266 0.013893884280734767 0.014339671689140595 0.015009331364619136 0.015000018415275802 0.014648800923641368 0.014375743221170533 0.013955561026883641 0.013544743777006426 0.013735835596403621 0.013648675128863995 0.013338427045454416 0.012941713821743833 0.012983497201205276 0.013151616770810073 0.013398404115434779 0.01365747348975677
-9999 0.015912673200085027 0.015262747082797123 0.014962822698324253 0.014713015435046781 0.014061993462758155 0.01357071380625399 0.01334709532230462 0.013168575018679882 0.013117903680928812 0.013101051088772532 0.013304412733803584 0.013587961496511758 0.013492951229775415 0.013683546208770388 0.013536105822754151 0.013588005801218845 0.013492964068349 0.01352747988225609 0.013588046290161235 0.01379719377068913 0.014151177576381593 0.014648808153559121 0.014484516642108194 0.014053170415552471 0.014088782980132651 0.01453007184971637 0.015056069988202843 0.01533830661562282 0.014981438910162494 0.01480519786204832 0.014393861570068884 0.01410653536844589 0.014366680285734673 0.014115372724059773 0.01378833065323334 0.013424135516379087 0.013364171150277158 0.013553388786177897 0.013929092985626465 0.014035383349873488
-9999 0.01604909492465714 0.015875142968487774 0.015499905998555465 0.014888470769430166 0.014213790101664995 0.013867465719438574 0.013805918570846376 0.013579340646143488 0.013536085683099228 0.013553387608247877 0.01367487558553826 0.01413323814549179 0.014088698424376012 0.014276579467811622 0.01407089969986422 0.014079808477159488 0.014053129307961902 0.013964478630150734 0.01397335716824195 0.014186947789890509 0.014466434424851503 0.014990728550579757 0.014962761281879403 0.014439198780371759 0.014357809088389867 0.014612269083283917 0.015102902226117732 0.015614706630973932 0.015309951534665609 0.014962865634605228 0.014823726597552642 0.014722296276100142 0.014879203647569797 0.01463959141747145 0.014115415217913551 0.013991003657294047 0.013849837234568207 0.014026487347972466 0.014267662353979813 0.01452095819633176
-9999 0.01662264056892415 0.01611888516226601 0.015528557174576782 0.014832971825076783 0.014339742726690304 0.014249722804970109 0.014321626819301467 0.014133282365149595 0.014160054863805536 0.014088709671856811 0.014258651209043587 0.014366793249251858 0.014777508944988067 0.014842166868985963 0.01461219394990427 0.014520976771762914 0.01451187555245943 0.014520967158696314 0.014421097730350503 0.014530119600104065 0.014805291664453166 0.015328863694447449 0.015347794313318045 0.014860740344152929 0.014749973520753593 0.014879309065223022 0.015300543818268406 0.0158557448431533 0.015739721105133293 0.015253351704097227 0.015404776234490032 0.015272177380208425 0.015309960764861779 0.015093476200121083 0.014731470912412184 0.014530056181640999 0.014384857845859708 0.014466421974561779 0.014630575392037255 0.015130957298837528
-9999 0.01694481395593427 0.016060151930018432 0.015319450373998962 0.014916411203230878 0.014740741510008554 0.014786809325252502 0.01479599761389561 0.01471309951127445 0.014667191827327156 0.014667202010213405 0.01493492187073866 0.014953560438370896 0.01535728476142041 0.015509465549080175 0.015328824673758453 0.015018767376785598 0.015074820311588733 0.015018753051137916 0.01481453129547218 0.01486078860915879 0.015037480424271697 0.015633929208098835 0.015662742885867657 0.01537628185817356 0.015196829527095801 0.015187431899794289 0.015528647774787399 0.01601137107498317 0.016040630618855738 0.01567242312132235 0.01575909552303396 0.015749431402454144 0.015672385351431978 0.015528591558046865 0.015225014939508178 0.015037419353493862 0.014944249280866035 0.014888565048407148 0.015018804286006647 0.015395295437792526
-9999 0.01693470173754584 0.01616799228304938 0.015528658554996527 0.01539532065474116 0.01540477129055248 0.015414282473579554 0.015357329926581021 0.015338356772552157 0.015131035224587402 0.015300521184313666 0.01554771424080224 0.015547754050773622 0.0156820248251239 0.016118884707113347 0.01596255571829776 0.015480942991310536 0.015624344055233276 0.015423807351404854 0.015338405017022643 0.015328935829173074 0.015404834540558307 0.015701293804134257 0.015991899847690474 0.015952872461950367 0.015595637648663268 0.015595650139202399 0.015865517971700965 0.016227016254841405 0.016197518059389186 0.016089605997243104 0.016060252699073536 0.016030931935270706 0.01599191272243137 0.01591401926104285 0.0156627816247517 0.015557310711255512 0.015423797622322797 0.015310029362968774 0.015414327484611507 0.01570126987966407
-9999 0.016662704370213808 0.016325709417833824 0.01610917857144867 0.016011420283626246 0.015991878151416044 0.016021148101387425 0.01585581279317316 0.015884876793783823 0.015797744535963266 0.016040626117398555 0.016197478940610438 0.016158195481247303 0.016099403311902155 0.0165640280194252 0.016335505613026678 0.016030955092994383 0.016315693212099195 0.015904320198506492 0.015943175047865656 0.015923725537243572 0.015884923921033033 0.01591408509020432 0.01634546072270178 0.016394939018180083 0.01606026325209343 0.016060259722768904 0.01615823645293689 0.01650426961940156 0.01633560080435498 0.01634549911823709 0.016305947858857778 0.016276324740648256 0.01628619372587087 0.01631581023694578 0.016158207245692655 0.01605045791246197 0.015894608016519846 0.01578809037990054 0.015933486273398238 0.016148394212121685
-9999 0.017178888102839983 0.01687543111253753 0.01659408583421213 0.01653420231379675 0.016534177177612682 0.016574090872739315 0.01645452808320313 0.01630594207600667 0.016345485970822634 0.016694130196995123 0.016754461851862936 0.01677456265588968 0.016624076183547196 0.0168552007225817 0.016694171303407574 0.0165940787789887 0.016734321283789367 0.016574076775898252 0.016574033546048 0.01647438955867005 0.016365263858367944 0.01633560615300999 0.01660406687979341 0.016644091524259195 0.01651427091107845 0.016504293217317386 0.016534182765073662 0.016654115174096647 0.01654417192854002 0.016534209306529546 0.01677458889564679 0.01684509732997994 0.016734357180853508 0.016584085871163015 0.01655412515943584 0.01644461168433943 0.016335576743111348 0.01622705759394808 0.016394988396079176 0.01648437743466321
-9999 0.01765315113988241 0.017272509955555772 0.01702748698716742 0.017037645126373232 0.017017296859140323 0.017007163322536354 0.01706810089907883 0.01687545420166516 0.016976679190464517 0.01722121506570724 0.017293002804044784 0.017313519740962995 0.01726219995385227 0.017292991901292302 0.01711906457073083 0.017108884632720735 0.01712925495241394 0.017078301761867982 0.01709863395163627 0.017027394606208647 0.016915869506327997 0.016905768374252 0.017047775006833302 0.016865349098026533 0.01685525580435183 0.016925997840063798 0.01696653592628514 0.01672434415060128 0.01688555696218457 0.01694628194588955 0.017037614822720842 0.017108867330321815 0.017129262835717394 0.016936135312026084 0.016865339891450754 0.016814887024210357 0.016764512998153184 0.016684168367964228 0.016845116623262515 0.01697666449796558
-9999 0.017956314284140844 0.017665061091295314 0.01750945137141202 0.017519799675653407 0.01747840765001087 0.017395886953106374 0.017540454948032937 0.01739586319425279 0.01746807070959572 0.017779646571365874 0.017748365153640422 0.017800577338022608 0.017947185668133202 0.017468052146639282 0.017395849037091266 0.017416469795687225 0.01775873230560024 0.017654594861141733 0.01767534682708013 0.017354630531391198 0.01736491921664371 0.0173752262651728 0.01736494531346523 0.017344358443052803 0.01737522315560608 0.01732377775079337 0.016885573291783685 0.017180316556232242 0.017200771009494607 0.017170145987162662 0.01724176623322129 0.01733411839945265 0.017272507845056014 0.017252004149934105 0.017211037785724685 0.017211020642063108 0.01721099866661042 0.017210990033835707 0.017210987785400356 0.017159871708983813
-9999 0.01812494626448528 0.018158164112811293 0.017957809044387096 0.017915831630241227 0.018063047565631915 0.017873873413620654 0.01798933366534388 0.018010384826454378 0.018052516033047805 0.01823226095543605 0.01831723939105263 0.018179300070996208 0.018242848907771794 0.018179247385202903 0.01803138237790566 0.018063021064868262 0.018041944479068425 0.018073577583034742 0.018179217177613165 0.018105212637968545 0.018094636460862262 0.01792625265424849 0.01772751516280309 0.017633832017085193 0.017550798956771856 0.017139495413519917 0.017252001481787037 0.017385552136057778 0.01749905967853702 0.0174990722452544 0.017499069037456207 0.017447423376831188 0.017426773326071565 0.017180352378186152 0.017149702422408368 0.017210980852776454 0.017088463166506696 0.01696650817325461 0.01681486232351022 0.016654070852379937
-9999 0.018368994474191064 0.01875638482516301 0.018724022621153476 0.018498641144655364 0.018627209622208284 0.018573585585400336 0.01855211611000659 0.018605751092141024 0.018734788535465677 0.01861651614627268 0.0186379899582528 0.01858431634063625 0.018584265093844032 0.018584280189158548 0.018519947135239204 0.018466485205377425 0.018466474308461565 0.0183810623361357 0.018168684363706313 0.018179214876018517 0.018179235543427225 0.01798930517529146 0.017989303114337274 0.01797876312699862 0.01787379125651136 0.01785280023760281 0.017654573499802276 0.017654575750128586 0.01749900484845435 0.01721100339169881 0.017180297435729734 0.016956423164244023 0.017180333335831136 0.017068106545422852 0.016664140683167777 0.016624060729914472 0.016534148161980407 0.016375149475439204 0.016276290009488135 0.01613854456489469
-9999 0.019331594077222194 0.01931121788382513 0.019059916886858853 0.019059900608321644 0.019059862509128944 0.019059864443978437 0.01903808148908286 0.01898371598099482 0.018896934610591512 0.018864440978939072 0.01875633250587203 0.018253506002718377 0.01810524419310731 0.017852905836876657 0.018179185427049962 0.018105213613941126 0.017769226480022025 0.01766499710701766 0.01746804689864735 0.017416433340688448 0.0174164523622881 0.017633749918963423 0.017272492114748402 0.017323805142192884 0.01763373683802359 0.01750935061232349 0.017540353534160502 0.017180252537158682 0.01682491257027757 0.016594043184516075 0.01651423643695817 0.01649434275702834 0.016824967207933222 0.017108780239150915 0.0165341474651413 0.016089590817140165 0.015972405236715635 0.01593341974443194 0.015720483020206986 0.015557263107397315
