resources/Output/ETP_SO.asc
NCOLS 189
NROWS 177
XLLCORNER 690600.0
YLLCORNER 5139200.0
CELLSIZE 100.0
NODATA_VALUE -9999
[rows 90 to 107 of 177, columns 42 to 83 of 189]
0.036722901120227164 0.036462785348266684 0.036821033048017954 0.05452064733859616 0.05320396628110695 0.05183715954693034 0.0507013166462685 0.04982159136169234 0.03427449295637193 0.034058566135457574 0.033890630764997556 0.03358061555697444 0.03329587346890444 0.033111306214026734 0.032982454051044684 0.0329996768496011 0.033198601235492266 0.03336538225112789 0.03628092734221198 0.03578846760719117 0.035330256377577245 0.03509541130845503 0.03494064637341008 0.04494563189022332 0.04480327757727479 0.04538572942711486 0.045958852849027385 0.0456208430268912 0.03347165336950291 0.033275791142148535 0.032943784748359614 0.032690418375896285 0.03260352018505268 0.032792822702561834 0.03284409287257794 0.03280704202300293 0.032977107870008696 0.03292164139022285 0.03566325153441831 0.035863279309034095 0.03606046113553891 0.036088172953558345
0.03541795410692124 0.03525328747384253 0.03564502000295667 0.05249054401108186 0.05175576068275033 0.050350331250569036 0.049577820297574994 0.048379969936969934 0.03389499373018128 0.03379663126609445 0.033593318499578514 0.03349191491740834 0.03328654009706148 0.03312766286198357 0.03302856330263678 0.03312324014476597 0.033304148254021955 0.03353989085696678 0.036479924242552635 0.03598612094045235 0.03558664358993632 0.03549953276799096 0.03537443311630069 0.04575259330515574 0.04571897220759584 0.04604203618105432 0.04610858620840904 0.04539391509260787 0.03321580500518319 0.0331548255819889 0.033144415351061114 0.03288515042299023 0.032866461035354816 0.03296747666207681 0.03308295083851779 0.033102185391295634 0.03312639047467842 0.032630585401411075 0.03509576845703315 0.03524439448068202 0.03538576895238169 0.03547827522765364
0.034554606876245564 0.03432794941839914 0.034614475767164976 0.05054391942601226 0.050227123205338425 0.049550306154974966 0.04896515046858345 0.048375249252823535 0.033573885799407586 0.033566140344612375 0.03346784022100904 0.03339424187535359 0.033261603913697 0.03320376883887916 0.03318463986481689 0.033226668854503184 0.03347127999927904 0.03370432379056471 0.036644948581960254 0.036136930581707236 0.03572547984644049 0.035680266872480264 0.035776856556675965 0.046396597402122104 0.046562837313441886 0.0466211126123342 0.04598014725302566 0.04522776506152164 0.033121664902558315 0.033093664696170706 0.03326979742711174 0.03324593129367974 0.033104155121972206 0.03314334087230705 0.03330351018317058 0.033417446766650205 0.03297890981335518 0.03268299990582312 0.03509713482901299 0.034840660297153415 0.034899026072152964 0.03479871457606982
0.03377975543236741 0.03368828716460101 0.03380557883981008 0.04905521943949311 0.048794155525669555 0.04833409398269688 0.047993499016936725 0.0478309806104948 0.033654196027439 0.033585467995897816 0.03352257952653568 0.03342577867017664 0.033296824512435055 0.033254922238313486 0.03334685507848257 0.03341953964507042 0.03360732832765121 0.033804684390218984 0.03665168558905863 0.035957122354842136 0.035671678168363224 0.035892564261534254 0.036094559866839536 0.04692975187648253 0.04689762578579684 0.04625574568485738 0.04555175609250384 0.04487616252891067 0.03309011793612456 0.03316698215343258 0.03339352748125052 0.03354764745736643 0.03350530410083356 0.03353238168365248 0.03361747214311138 0.033474310981340204 0.03321805630128834 0.03289464866978655 0.035389682019176055 0.03497142066254765 0.03449755654650741 0.034409615856954866
0.03341759861635507 0.03330098846381032 0.03341495790354957 0.04784580859989759 0.047710836459622194 0.04735069026661921 0.04776049823705623 0.04772076305652352 0.03360959483196914 0.03371237182053804 0.03373901953554189 0.0335013227310894 0.03340090617294805 0.033420655449532606 0.03343347288938606 0.033662137538100774 0.03383554704906966 0.033956328368299656 0.036690441323339554 0.03610501634578944 0.035742235859570926 0.035962413629965176 0.03620728980443013 0.04707351795468075 0.04629174494786017 0.04600530286942325 0.045586444792703684 0.0449960042318068 0.03310883262339916 0.033196130764404044 0.033436751860936954 0.03370091732211262 0.03383026817150867 0.033861714939822235 0.03365714947003506 0.033328522077884004 0.03307205344452068 0.03287572526252418 0.03548894267504024 0.03497326400857668 0.03432468300923516 0.03395673575159462
0.04775819182930581 0.047150071166484356 0.04728137196111383 0.03161692145719926 0.03164262964442994 0.031753493920577344 0.032005061011560317 0.03207220066584034 0.047723989998602126 0.04786301263480633 0.048123065644328576 0.04825024197502045 0.04778502756072608 0.0477110968247037 0.047709758911472694 0.04804367600534449 0.048616698130370374 0.04853088974050452 0.033524001174353904 0.03306853946348518 0.03274184607868372 0.032564323177188104 0.03290917986473951 0.03311011501352407 0.032705826471181094 0.03221665182147897 0.03194876144246455 0.03177948463768585 0.03166759707360686 0.03177609727455025 0.031935341128917605 0.032255499846976794 0.032523182269374847 0.045701721467387615 0.04525635987243396 0.04495383336869585 0.044720683161022 0.0443230872365617 0.03255729674618378 0.03208008839385709 0.03163417158139216 0.031215511631172713
0.048451728230680696 0.047442972845602185 0.04710162481478125 0.03170920954132094 0.03162432164143486 0.031836882063219954 0.032097763957576485 0.032057564519511625 0.04776814094579642 0.047969718245407134 0.0482135429152497 0.048571902358838535 0.04828174733258122 0.047899664770789115 0.04810090572562663 0.04825956670429197 0.04884133930435928 0.048576793573175014 0.03349633451460863 0.032954149511706686 0.03248780489276105 0.032390990645217325 0.03270905029497948 0.03320045555054622 0.032929276152545664 0.032424018510420066 0.03205063642167503 0.03176387210822192 0.03180630631653931 0.03182946770764436 0.03214277911630084 0.03242973869142788 0.032455576273870086 0.04558642320123034 0.04517424752968908 0.044898758044910704 0.044502608498671194 0.04431746085404308 0.03258258983046479 0.03225988251167617 0.03187932442650619 0.03141166929199119
0.04890221615444095 0.04780277263390406 0.04727029431002367 0.03184821547196111 0.03171750585685253 0.03203823357936652 0.032215579187891065 0.03193747689820942 0.04752040919436129 0.047809158542898265 0.04824498967988812 0.04877990300691503 0.04889112606358236 0.04856552836847996 0.048612566343526946 0.048711890376186666 0.04893426406236693 0.04822746346086232 0.03317675539115936 0.03276191150706142 0.03238329240252277 0.03218727674030785 0.032568644125166 0.03304643259852592 0.033258463762439995 0.03280650750682021 0.03233983549314959 0.03205539523397464 0.03207217300441025 0.032033885789588434 0.032236832882271006 0.03259797739654184 0.03245751613896173 0.04556525899350888 0.04518872399489179 0.044859395976762556 0.0445202067729851 0.044117782287459564 0.03243029790577097 0.032110767065701096 0.03177415414945903 0.031392101265580535
0.04880214571998254 0.04776105207011072 0.04748704614973736 0.03203832771654731 0.03217132036138344 0.03237386365368657 0.03230145960161987 0.0319602596814289 0.047430258189881405 0.0475996502899177 0.04805816060130448 0.04862050643818887 0.04925933959370314 0.0494332530608091 0.04934630293186224 0.0492169603070492 0.048978732282147816 0.04801728090388088 0.03302417443087024 0.03259185180221611 0.032407045178187086 0.03231066327995533 0.032417841757729146 0.03300166475133901 0.03338316776958299 0.03310053160422197 0.032661165628772415 0.03243194927402251 0.03239449788430677 0.03246577463731822 0.03261845913630121 0.0327780219805334 0.032547186386653146 0.04563833560357938 0.04524833063239247 0.04473432708851162 0.04438334797201602 0.044077200195405286 0.032527601406467786 0.03226038596292216 0.03179246935229219 0.03144648287341842
0.048680097742197385 0.04773938523043622 0.047897972753632036 0.03232277221183062 0.0325180323112571 0.03262562932926761 0.03228082842186296 0.032016766863050675 0.04761941784797841 0.04790588970141642 0.048142000168805356 0.04853686003839528 0.04922451069541779 0.04971791197387411 0.049680322264715575 0.04935204112702156 0.04875208362649669 0.04784274740330597 0.03297207488912525 0.03280428077140761 0.032704862317630555 0.032634190648303675 0.03275134344025466 0.033089653395997745 0.03339019303066948 0.03327456249302353 0.032902517423189295 0.03262047565923043 0.03266714261876175 0.03275040013634193 0.032888927776835324 0.03276729718955855 0.032480518046733506 0.04552481721883197 0.04522637999334795 0.04488882608383733 0.04457033803385138 0.044109192995055585 0.032572921248119835 0.0325367182090739 0.03226252582446494 0.0318948193392874
0.048199947774471445 0.04793528001705065 0.04822722077162457 0.048895756241730405 0.049609208236985836 0.049645369461376314 0.048709705569245344 0.0479347394145439 0.048102789708198486 0.04858228964897444 0.04884906887212661 0.049237841508205 0.04948944979941913 0.03299084828716146 0.03297497917880767 0.03265394061082576 0.03218571275991841 0.03162085875487724 0.04636203182816347 0.04609847900770716 0.0464512559978116 0.04695908197658358 0.04729187077305732 0.04756636486303656 0.0478586660228722 0.04743333675734954 0.04670834682551224 0.04657007438630969 0.04650294817590203 0.04658314681364455 0.04716801334693663 0.046548679096389295 0.04639202235614584 0.03258131074267384 0.03236694163246863 0.03210671740751707 0.03178872906979359 0.031674428130257413 0.04425364077917926 0.04380560953257397 0.04322708252196252 0.04258787018217326
0.04813164173761073 0.04784847583703239 0.048249208990718516 0.04890520808557402 0.049960580172533284 0.05014693002868987 0.049155879615417314 0.048508527071208306 0.04864398421111996 0.04899105921210253 0.04967460192019543 0.04996940427404194 0.050217236781316184 0.03319782713818626 0.032941157085576676 0.032571103344909855 0.03202259520225979 0.03163150226950779 0.046420683970027625 0.045958397612643226 0.04617600449352608 0.04679829424495294 0.04780499393332346 0.04832577643924691 0.04804394194667834 0.0472412470584383 0.04704518036762376 0.04720178796134454 0.04715288352697281 0.047212130651805725 0.047603229581605275 0.04738226714814152 0.04698303792281941 0.032758895187884884 0.03245957249940141 0.032269084968700165 0.03218284579687771 0.031739004594463105 0.04393286792722654 0.043414611799614575 0.04286441924115991 0.04238514260100245
0.048583085203414686 0.04805499662865065 0.04794079834872428 0.04857219812464367 0.04982273209978571 0.05066975194842503 0.04999237902890989 0.04948397507148308 0.049678908037177526 0.049518446986147144 0.05010919058763344 0.050472887289688254 0.05056630992970746 0.033097222578907674 0.0328901778720935 0.032502290111714856 0.03201482951762635 0.03159269577335276 0.04649481806924974 0.046076521753608775 0.04655371173696558 0.04697024708345437 0.047878136567613284 0.04866848650988644 0.047886634470712355 0.04728817352434496 0.047537299223018484 0.0479883735804476 0.04817471896676351 0.04765901778487384 0.047256388646763126 0.046952666185578494 0.046512416765015836 0.032147091708880166 0.03193208963898893 0.03183253515928348 0.031913538769308955 0.031763022577700036 0.0440846528067277 0.04341778050392469 0.042865147897046145 0.04233973508254354
0.04882772099862971 0.048408665152873946 0.04838880923441493 0.04876986606814665 0.04964850306202141 0.05101035002045206 0.051251472866672455 0.05069153485838121 0.050708625660941205 0.05056450553859784 0.05089740261064936 0.051075988958477925 0.05030266614176399 0.03297612615278871 0.03273395875133476 0.032389368585798335 0.03195901810210668 0.03161183301348259 0.04667206898533928 0.04646450045182647 0.046900769347016896 0.047699604242150306 0.04833061040016396 0.04922070657866323 0.04835659995923763 0.04804881332093351 0.04828985693730538 0.048648368375268085 0.047910332803332824 0.0470876275105284 0.04643666421875179 0.04596336029050047 0.04592004986033701 0.03213339920156031 0.03169869806296831 0.03157891278446545 0.03154374862139515 0.031530038526149086 0.04417683552221717 0.0436027971405981 0.04301445521539182 0.04234874035110268
0.04924561013578773 0.048595548085332986 0.048553852040881904 0.04911353979379054 0.050039270249915516 0.05115766951275613 0.05208598748641517 0.052139107236518184 0.05198509184775533 0.05162287947296322 0.05110221669396823 0.050415925903854304 0.049995606139860795 0.03268596300113979 0.03231239284779874 0.031976434294683734 0.031658906261508725 0.031405936549600624 0.04630575008453978 0.04666238600327438 0.04735148194367095 0.048320182162032176 0.04902022156839279 0.0498430037429933 0.049606975317212455 0.049240917381516515 0.04901076851091548 0.04840339207661736 0.04771681245410382 0.046927310619785605 0.04640773585345737 0.0458160831766982 0.04534165097765473 0.031934404801267274 0.03159807141463345 0.03138310972124201 0.031284148569431916 0.03129093455274014 0.04376971764969932 0.04376619995872673 0.04319497316150849 0.04240868927105502
0.049385815770406995 0.04867203522826161 0.04849113505869675 0.049236086693257436 0.050085651181489194 0.05161563335535634 0.052438676257533665 0.051951314265094126 0.051150411714236496 0.05040625263713365 0.05004996632051727 0.049447666338306405 0.04902106584759396 0.048673930446242124 0.047918681702502 0.04709679508188171 0.04652980446341248 0.04606046209062709 0.046213515582357645 0.04630500434899688 0.047370019339644805 0.04866092445428236 0.049559727580029314 0.04975919625569447 0.04914894758539218 0.04870555536118557 0.04805175964396019 0.04739253800646421 0.046882206757381334 0.04622757390816326 0.04557063643536572 0.045144784466575424 0.04484622151035667 0.044575999326372184 0.04429483704364816 0.04410013875536689 0.04372100091704958 0.043720945238221696 0.0441878215355376 0.043673999141204484 0.04323135243823385 0.04249884836210778
0.04986308463008954 0.04922702696714009 0.04882631944558379 0.049562314874114846 0.05075889477710709 0.052062087777447474 0.052775375835538256 0.05122339797904965 0.04988895744537405 0.0489854441541854 0.048702630560528246 0.04863422670219052 0.04819489623549199 0.0480553002630311 0.0477232217467881 0.0477100971228637 0.047628023443838985 0.04751760102560204 0.04713862447553474 0.047481844019513005 0.047568513156573566 0.04824916561731723 0.05007534763657579 0.049624010804540236 0.04822243828619443 0.04778654744547706 0.0473226788679907 0.04659442611370478 0.04607080973400765 0.04586627770145982 0.04558122089081988 0.04522471552182538 0.04490632571618196 0.0447129333488046 0.044507581447981365 0.04432690494615656 0.04447530390775403 0.04448286723482484 0.0445956942010332 0.043809804638980675 0.04287005167741238 0.04224672922963491
0.05023423391565612 0.0498848133186058 0.04928132944864756 0.04951615803910964 0.050822689020934946 0.052474816623647474 0.0528977771243748 0.051247612199297264 0.049531141900721665 0.048341657685746484 0.04783654850363187 0.04849732642050448 0.048860832920408485 0.04839175969685583 0.04891249099428937 0.04910566430662642 0.04946688499092626 0.04944500656416466 0.04913773160560897 0.04880824014443736 0.04877263080600027 0.049501162245588926 0.050542050358175265 0.050120701018180974 0.04877167765513932 0.0476601690734737 0.04751282174633468 0.04728908424154863 0.04672415934391557 0.046334892142401204 0.04614974185538842 0.045777752818957025 0.045416020941869 0.044913461117528565 0.0445886729237345 0.04471985502236145 0.04520356498616769 0.04501524479499936 0.044357900089904805 0.043703396969873444 0.04295603080260792 0.04196242129184868
