resources/Output/ETP_SO.asc
NCOLS 189
NROWS 177
XLLCORNER 690600.0
YLLCORNER 5139200.0
CELLSIZE 100.0
NODATA_VALUE -9999
[rows 36 to 53 of 177, columns 42 to 83 of 189]
0.051367665925712465 0.04896679951418251 0.04809187110069047 0.04789400074959544 0.047395256853566756 0.04580254043566289 0.043341601190508214 0.041372664817503096 0.04037112539743685 0.037982558222714354 0.03562951864372614 0.03370405089705572 0.03263916486750273 0.03197140398910128 0.03146360414958666 0.03120431547758631 0.030954704874512504 0.030871315947992067 0.03112635285783824 0.032265469707209254 0.0322788034303411 0.031160888460666905 0.030683184145004157 0.029998658140413772 0.02947993550633065 0.029538604029467393 0.029680018579156146 0.03005011346331991 0.030210733099670498 0.030179373436167393 0.030207705469339045 0.030434151995039828 0.03063865041431167 0.030675728285255027 0.031275928059412365 0.031134700166384352 0.030972419912301374 0.030829394904829537 0.03057238991067408 0.03006748572646569 0.02955833165397254 0.029254612527744358
0.05208708920038172 0.050631639763402556 0.04858646477964852 0.048642693240858174 0.048233888070566146 0.04654495738716493 0.044349943040014224 0.042440122249702145 0.041127921557989125 0.038152844799251975 0.03622598034361849 0.034425769434082376 0.033457207201712504 0.03251624835281952 0.032259635523933426 0.03171581676306534 0.031307825995175106 0.031456896711963056 0.03190697356886209 0.032853979274946474 0.03301878010371455 0.03191110544195872 0.03144122672851252 0.03047592528204366 0.029904716846391427 0.030112341735713612 0.030140666014424593 0.030344792549671963 0.03044592860407857 0.030516786482193192 0.030353387429949957 0.03042030499827258 0.030970220881944482 0.03149937176333416 0.031805943706573615 0.03127886256762691 0.030951620418123393 0.030728951460843083 0.03037766943782978 0.02998249589654097 0.029545388296819644 0.028945359850251824
0.05431838509463737 0.05274602200320885 0.05160793702162038 0.05011712009027525 0.04863033844079966 0.04759807778255777 0.045940589416316985 0.04441820565221352 0.042213814446971795 0.03916542161097425 0.03679180897650437 0.03535486306806772 0.03412172823666574 0.033851575421611116 0.03278422205477601 0.03204283375535258 0.03156270584703416 0.03183789173173737 0.03226248601278166 0.03337982694613767 0.03382391541196066 0.03315870597408475 0.032099816289816605 0.031027328637696493 0.03094293777138077 0.03108945646581971 0.031164701604136723 0.03104483069938862 0.030851235789418764 0.030649341772337756 0.031142638476650334 0.03139750352881001 0.03183007081684411 0.03223592593728056 0.03202258526016367 0.031182749509599417 0.030608940121859583 0.030594365290781782 0.030288380448339865 0.02985246143596567 0.029564473366002448 0.02908222771256962
0.05526056587696545 0.05461064513381958 0.05358026738842196 0.05170543333467126 0.04935491944993375 0.048551085057903946 0.047766286456045755 0.045918505584303264 0.043954601661309496 0.041039170106424494 0.03876203754165937 0.03579970557239279 0.035364166755071445 0.03453224805139914 0.033170266739097926 0.03237460016193151 0.03261314628252879 0.032357449858196836 0.033210413498841865 0.03355924767984104 0.03473906137556087 0.03390929224118186 0.03314279641065147 0.03252587261059883 0.03197945719184584 0.03227073373919648 0.032150634318149685 0.03215774758214327 0.03196423701785998 0.031879863803179496 0.03213508446174439 0.03229861929664497 0.032561245313142605 0.032523457205208585 0.03168167872076538 0.030881717356092533 0.030292992378779485 0.03028528501279193 0.029989894267356786 0.029725507323052847 0.029390476970577496 0.02907820401186859
0.05725855817656397 0.05565337771040405 0.0549776643546451 0.053412846558802934 0.051718656686060516 0.05003049078422237 0.04889807866619895 0.04757669354806674 0.045393902763136 0.04245706246347749 0.040129244023829634 0.03825630775986766 0.03632673221920117 0.03538647621168741 0.033961621592163434 0.03347718053202647 0.033795270986580694 0.033745217897360624 0.0334314004685753 0.03474743905470829 0.035292040213517 0.03484817087303167 0.03435194728421761 0.033699158209343674 0.033165092000984914 0.03305641716249234 0.03269279306017042 0.03283642377645138 0.0327538648146699 0.03291625906680296 0.03310102394479944 0.033082913919350775 0.03264869389064281 0.03226820088267464 0.03128310509583647 0.030247007906720417 0.030198601239908758 0.03011033368611474 0.03001668165049545 0.029801192684830006 0.029437377321691757 0.029211763921818644
0.05533796858766722 0.05465295358339315 0.053050393908190746 0.051976865031094194 0.05047411274442669 0.05003239202031562 0.04830486025542632 0.04683270156042791 0.04593812578334519 0.04373067849798849 0.04195975365084814 0.040105879475413886 0.0379545111628338 0.036513472086516355 0.035673546121298506 0.035112174802877774 0.03491413537928099 0.03539956652212727 0.03510189632762868 0.03531759491305062 0.03622729580821147 0.035660230582791 0.03486060682020528 0.03413381614401673 0.03410015354269736 0.0338800823686016 0.03362012746643089 0.033785843655194554 0.03391946980968396 0.03369088392309345 0.033520026422097886 0.03294061989321799 0.03238510013488142 0.03204488370150536 0.031613967892095404 0.030620564486016626 0.030002968596951694 0.03018969675411807 0.030228090660000127 0.03035423689018122 0.030198222953553743 0.0299123680644359
0.0539810894405138 0.05310479021222217 0.05232255902526979 0.04990972274344347 0.048390723768955576 0.04791614896047168 0.04608468864254353 0.04390163869491293 0.04347550796895097 0.04350001677423814 0.042982204755388734 0.041495551069374324 0.038807915232603976 0.037674644479415494 0.03718123677480538 0.03706035866658776 0.03651939359878471 0.0363953977661034 0.03656243286359195 0.03649374796298187 0.0368350957922832 0.036043469714962736 0.035055691460140856 0.03479689891151321 0.03477597331044534 0.03475871088377402 0.03472671714788101 0.034690293877170174 0.034307904712128884 0.033664889421014116 0.03302229761068686 0.03231237670563952 0.03203498427813067 0.03225528821001577 0.032157886164218184 0.031235626823455053 0.030654924210513444 0.03020570025728599 0.0307256401679382 0.031216652891459615 0.031325007794839224 0.031117670032799628
0.053273795806364294 0.05131633041837417 0.050093733119265904 0.048461190860706486 0.046228560074975875 0.04501560811169545 0.044354177872923166 0.03925900634772852 0.03941256296196454 0.04054790283574718 0.04133130052007406 0.04162461674679573 0.04011334082981534 0.038639239510287755 0.03889734708397276 0.0383049777758193 0.038540474358426995 0.03827694427227368 0.03783684522203246 0.03808634254206304 0.037574628591550495 0.03677367086214824 0.03611913406932395 0.035936959960874405 0.035752785673899314 0.03562145370710453 0.035252157031041786 0.03434895830782803 0.03348170990156097 0.032923294779581246 0.03275055398978157 0.032247775705862534 0.03228769806320615 0.03280176239024145 0.033003127931669554 0.032100586726284096 0.03145309136925152 0.030881445357831876 0.03085662038473787 0.03171209766915996 0.03230398111329337 0.03249696856807466
0.05191969649499313 0.05016717218841024 0.048280163292984395 0.04732693539361145 0.044155519599556554 0.04403456733008651 0.043566154809204796 0.040446023180445385 0.03892883351708077 0.03900002748360382 0.03892600084718881 0.04025916709708222 0.04074127426855937 0.04042309266194633 0.040265027353327425 0.039737709273259585 0.039604259750240976 0.039352590017563076 0.03860043450338133 0.03851294174517831 0.038250319936271315 0.03789021501836553 0.03724796869579899 0.03651857339956498 0.035923683610265045 0.03538057419234001 0.034565989748550206 0.03373805690303434 0.03333518721912043 0.0328140927141232 0.033318587576820165 0.03328714819576768 0.0335734845709013 0.03404230041511546 0.03411318702338621 0.03286707201184515 0.031942404444004854 0.03187284510603948 0.03178468566356793 0.031862278361046346 0.032531543511937266 0.033243596566989525
0.05004729395079083 0.048470416325441947 0.04552980958341235 0.042715958559042796 0.04314189099222623 0.042298350072438706 0.04263920978039286 0.04071151260699001 0.039089044396496735 0.03749850596106791 0.03702364339831177 0.03792380680845132 0.03920999814860889 0.03911079363141811 0.03879389407605721 0.03868680927425193 0.03853910207650141 0.038093932575900366 0.03749957374737134 0.03743740580775067 0.03716422037053796 0.03717067039170413 0.03623237501101474 0.035333846579175134 0.03459671786941997 0.034371598959106506 0.033556240697035444 0.032922206384409354 0.033160408461198276 0.03365911456386897 0.03465944051647596 0.034523665912901146 0.034436257081780414 0.034519773903256334 0.03447717384643129 0.0335063931394891 0.0323763883149289 0.03284035030932139 0.032562141253875604 0.032217329634732984 0.03231423255340512 0.03282921392567964
0.0487909759247206 0.04685928530478122 0.043456390420266854 0.0396880760822057 0.04179137956689962 0.04175604761424275 0.04136276856305239 0.04057984572852633 0.03812972267441334 0.0374552688874445 0.03687368867360085 0.03677688353430181 0.03732392903985467 0.03797468907167933 0.03782317416568616 0.03762048298909641 0.036898408482078524 0.03691309464052427 0.03633679694628105 0.03613273549732737 0.03622486472247723 0.03625202755529897 0.03571704515901917 0.03436367083723033 0.03359414601976738 0.03331262902176704 0.033009190574188635 0.03268517329610878 0.0328091143727321 0.0338375679697337 0.03552386459520309 0.035448976914443854 0.034286463807988964 0.03472631313329998 0.03462799886571243 0.03398809278434612 0.03393121054814497 0.03378470500990573 0.03324219976187242 0.032336955074953724 0.031888022730169684 0.032633613768046583
0.0478476284053849 0.045224837398525765 0.04223331624589632 0.03894634503516468 0.04009607876644135 0.04019811431031941 0.039886383424932996 0.04001042105683538 0.03889396476844373 0.03691489718142253 0.03508774531470802 0.0355515977794853 0.03571695757876856 0.036032831906954166 0.03650330637041884 0.03648583469300634 0.03612312850512595 0.035512467478786655 0.03533955101207148 0.03546703700934491 0.03586385562471257 0.03610006331665326 0.03578147498553459 0.03337413982669813 0.03312791427535555 0.03284252094007834 0.03257891246261635 0.032410092394983415 0.03266925596572354 0.0336172966171723 0.03491116995050227 0.03696558195891829 0.036184377650370574 0.03519654961213391 0.03640302776995204 0.033932704078324855 0.03457880916317446 0.035154496085957575 0.03454170325328051 0.033164939407937556 0.03295410605075604 0.033299880910072674
0.046471528758249676 0.04278056570792191 0.039807354686611264 0.03809994661748942 0.03872443596598778 0.03864973214753443 0.038630989870420664 0.03880813626301259 0.038629754331499164 0.03713590099626333 0.03534014571652405 0.034291606791949474 0.03464693160128985 0.034505502065691085 0.03485396038493052 0.03507509053922363 0.0352016453459053 0.03468153214598123 0.0343932119682359 0.03546974588910972 0.0363011641192388 0.037031476470363395 0.036653416632853965 0.03495317225603805 0.033429075249902844 0.032809954630797174 0.03274767015245978 0.03296529675994083 0.03349182671308225 0.03435337439771206 0.035873933981824827 0.03795899416120357 0.038929331524692315 0.03859921123055053 0.03809502240441592 0.03710761313235966 0.03648284198332384 0.03637926385346888 0.03536581474851946 0.03470317089326987 0.03407063433430606 0.03445785883331208
0.04549315538026139 0.04048050588967839 0.03649947277167803 0.03609086830011126 0.036639144741060434 0.037329240863620175 0.03676248910939533 0.03742128264875884 0.037766722810818415 0.036463287637522664 0.03513999350294765 0.03449577223075012 0.033519774515210134 0.03384315095260091 0.034022221891636374 0.03419567086231812 0.03424638803746442 0.03479873125288698 0.035384235386558174 0.03599397926053872 0.03729818728673316 0.03782513209736819 0.03796144283580662 0.03639386892905828 0.0340775315279876 0.03335494815724022 0.03307150579002339 0.03330593773401336 0.03435052441351382 0.03529099660208436 0.03687811068259764 0.03886499644563742 0.03971595185429006 0.0389020826423298 0.03792930092676276 0.03715025749371856 0.036601255406982454 0.03619663007433073 0.03652568403108137 0.0364424797205796 0.03610980090781808 0.03525025296920281
0.046123041025086464 0.041863658374432254 0.037248550314096525 0.03532861429997563 0.035433707442387725 0.03553200856180926 0.03544037068844227 0.036135132196538466 0.03650227646526787 0.0359279784061411 0.03476061549634378 0.03451438264000815 0.034447982378406024 0.033644541797576845 0.03346814276697318 0.033306662276153746 0.033507307351990534 0.034065095437147405 0.035163107667209474 0.036549259465413056 0.038215526008253786 0.039702926100554335 0.03933726999108304 0.03730425366428989 0.03569114417470678 0.03488503273373727 0.03522520884563922 0.03591285241630987 0.03621942194262495 0.03578839376896192 0.03725919400226721 0.038659840725550315 0.03965571669183055 0.037721437879458405 0.037218447364250166 0.03684083648330023 0.036300606958971374 0.037087387264442405 0.03755214083417177 0.037824407358475254 0.0383885617839241 0.03848006865481548
0.04618479854690549 0.04286056149302329 0.03946450201532122 0.03626968409822309 0.035420614257197315 0.03526661356848862 0.034265281812487516 0.03486789807499007 0.03575740055849628 0.03579180051842327 0.03592789525381665 0.0355345856690605 0.035829446443157956 0.03560794817707519 0.034870049447635734 0.03405382216581536 0.03303006465258352 0.03356656057215752 0.034715484714971594 0.035087767456660424 0.03637138442480833 0.03933723968418315 0.04081298312104377 0.03984569525612607 0.037409829385357814 0.035651799116495596 0.03679576995890507 0.03763818409216837 0.03880637984103067 0.03873640501634079 0.03824643831160953 0.03824104200297641 0.04013115258923014 0.03994283829182081 0.03663248105551168 0.03706568200455189 0.036763159600918215 0.03733649719595503 0.03855701475876841 0.03950749617913622 0.04018166010610194 0.04026105597441282
0.04607919667680559 0.043596330694476 0.0393336423507474 0.03684775032229205 0.035236291046574345 0.034878207692736175 0.03424944575925298 0.0339720790891216 0.03504146871291419 0.03525212124046024 0.03609683059344598 0.036827079475427224 0.03721707265101222 0.03797557747528821 0.03690174421774615 0.03478199447348624 0.034063901788966955 0.03379762040065141 0.03456599676136207 0.03536019162546371 0.036961598653493424 0.03978191321997031 0.041353690947356705 0.04000285210351407 0.038265212295597095 0.03637757430737775 0.03728100568734395 0.03782136756316561 0.03802968299401517 0.040032975550273235 0.04043170080519116 0.03950627982255632 0.0414224591214076 0.041722007952725536 0.04020550060949985 0.038538188959439765 0.041094775049176746 0.042379272936134256 0.04371420386970195 0.04465009663730208 0.045021464491503016 0.044965998299947525
0.046047159138263155 0.04382812922394823 0.04029482328405957 0.036367480436070354 0.035123703444131356 0.035475120119591454 0.03467266307248685 0.03439220503053922 0.03548949646964126 0.03604936158237957 0.036222154353953484 0.03757568977451387 0.038507538163635356 0.03933356858275511 0.03880131264164285 0.03657592905621972 0.036353650544219844 0.035316078290093325 0.035084722705717546 0.03601079014388308 0.0365511074825822 0.039422048906301535 0.04190855058577774 0.04072698761563756 0.03871788429653623 0.0387319186751618 0.037593182678458834 0.038863307699169826 0.03959756857104689 0.04151538368724955 0.041235462290744006 0.0424978412871205 0.042814200947205665 0.043303930152693314 0.0424459589790928 0.04487833591391689 0.04584472328169166 0.046192497868776425 0.046598405592501946 0.046583150568789186 0.045742137286555934 0.045505602614248776
