resources/Output/ETP_SO.asc
NCOLS 189
NROWS 177
XLLCORNER 690600.0
YLLCORNER 5139200.0
CELLSIZE 100.0
NODATA_VALUE -9999
[rows 72 to 89 of 177, columns 0 to 40 of 189]
-9999 0.002309806015890569 0.002260916607801335 0.0022921337688474644 0.0022960539452921707 0.006923515326004658 0.006829479275376189 0.007030220677153781 0.007204154588304096 0.007301175257352269 0.007301175257461612 0.007276850054929433 0.007030220678284114 0.006811933134535092 0.006580586947257544 0.01064630518353999 0.010469319928255129 0.010285037310096019 0.010048580815323001 0.009913771271770965 0.017524553498653325 0.01725533906562551 0.017129611155118938 0.016740630488121556 0.01663284500208818 0.016895742711805765 0.016388550002764474 0.016633996204084317 0.01602791169108723 0.01542343470957575 0.02354628783891102 0.022998245809957525 0.022942577402120353 0.02366829317725304 0.02239070126848424 0.0438761112542409 0.043438703003287005 0.04287213504427518 0.040590454898493535 0.03833065729754968 0.022780743369766383
-9999 0.0022126559347039635 0.002182101668367021 0.0021574686028730692 0.00217830072397754 0.006603502680348798 0.006713017991777234 0.006835334009598697 0.007018316900650737 0.006988609471938187 0.007095903419766169 0.00725863675028828 0.007240449713971687 0.007210196459924492 0.006988609480624487 0.01110167581435761 0.010844081274821562 0.010552923031999974 0.010340104594988337 0.010184568860617955 0.018217735057147487 0.018152525969191022 0.01771627136414276 0.017652270528804317 0.017445270487471187 0.016973696222622466 0.016741537978355432 0.016913155659037924 0.016331607309001357 0.01586989951889097 0.024307244591606395 0.024121797182669096 0.024473345906414503 0.024023066511507145 0.023228441862242245 0.045257415242046475 0.04504904032118684 0.043870468591712786 0.04172319134771486 0.03927920501014847 0.02357864619856029
-9999 0.0021461578527272466 0.002134884053425684 0.0020698600079849293 0.0021068616430295517 0.006393403029075558 0.006478071946949522 0.006643722654872124 0.007018316900656101 0.00680025076315615 0.0067536419675884385 0.006958976470706815 0.007089917464918617 0.007161943653298603 0.007149909832677442 0.011697194878278385 0.011285162809235022 0.011044112342603546 0.010872520012363598 0.0106275891946819 0.01887815946327701 0.018828120486470302 0.018678500409455796 0.018480212719227087 0.017668451896529016 0.01714589082549282 0.017115362585689287 0.017054637613956678 0.016670829890718455 0.01647993668642544 0.025329921609807276 0.025070562369228656 0.025356962738618295 0.024059764970495008 0.024336451582906312 0.04682008617423775 0.046446755797491635 0.04487549959169193 0.043041241109371936 0.04135453459014317 0.02486644837900886
-9999 0.020846109529252897 0.02075383833743341 0.02018755770550872 0.020241921275743743 0.0020588403927727997 0.002116176678803191 0.002241536567311922 0.0022921337688623215 0.00219352898010826 0.004341422180553389 0.004379431598602472 0.004467625605680423 0.004533500511905634 0.004647213827893199 0.011766720123558738 0.01176672020029292 0.011726962017713194 0.01142152790350587 0.011217352210544053 0.01924775016809295 0.019197101221926558 0.019129714523028342 0.017990267199252966 0.017716579956111027 0.017509466569918093 0.01770221654390932 0.017323156162026364 0.017077907735877723 0.01695143937229673 0.02612556665950416 0.026290908640928874 0.025516363929972426 0.02552836093454453 0.025440115838052797 0.017796974321121366 0.01701887098888592 0.016637194056828716 0.015904886779756194 0.015487462602269608 0.015418696582368873
-9999 0.020133288192099263 0.020115219266655965 0.019524825978601345 0.019631319435255683 0.0020314552236874914 0.002159357315650217 0.002276493091796809 0.0022357422276949286 0.0021367604511790274 0.004239819827244463 0.004243556154424801 0.0042772757549471895 0.004402335123737712 0.004440670320003598 0.011227022604113145 0.011392223492639405 0.01157857393142445 0.011667473435066592 0.01153919448442948 0.020260936304147104 0.01965605941790479 0.018711710727777355 0.018120125063913608 0.017925847696571854 0.01833323788340829 0.018041235197519608 0.017594337048733432 0.01752315818258355 0.0173211575061372 0.02664741545966617 0.026630173162370385 0.02635587576858622 0.02659178964490424 0.026916797012112238 0.018815577688008577 0.01771289015037444 0.017161232589914876 0.016505218586518832 0.016112479693939773 0.016009191851192827
-9999 0.019312976692484253 0.019418711593739327 0.01880728669085169 0.01931297669248754 0.002024192127574976 0.0021518086131095057 0.0022011675601220243 0.0021367604511548675 0.002097572423156691 0.004132365295493784 0.004099371938382566 0.004143400492351139 0.004202570025448832 0.0042137232953793164 0.010674420326843412 0.010787343166778408 0.011024965155927553 0.011275461052239035 0.011392225795436783 0.020593969361062225 0.02027840041568686 0.01906245699773476 0.018995441407078907 0.018612639461060784 0.019063496690462613 0.018433508021618392 0.017835568526676573 0.01763704526875233 0.017469916665375156 0.027560007280173417 0.026951501120620006 0.026990585900050736 0.027856731397443883 0.028883420145295314 0.020263425992175493 0.018836078299589047 0.017797644875384943 0.017120856266522013 0.016721174313193247 0.016582425956439037
-9999 0.018720998712712066 0.01858348962281046 0.01854921851250951 0.019295391131333217 0.0020205668447951896 0.0021236472706990775 0.00213488405343205 0.0020920112974994734 0.0020442058040569264 0.0039726707277331855 0.003922708844388348 0.003979841739127569 0.004008609641141646 0.004055643184891405 0.0102575739232295 0.010303372139692924 0.010506425443181717 0.01082514898003154 0.011044114558695884 0.020208651819117383 0.02043582735457477 0.0201217506936194 0.019862342203727845 0.019588061425848714 0.018829231068572084 0.01822055063627933 0.01827367605194831 0.017845724146673677 0.018209604171719736 0.027315460044481717 0.027228710677882174 0.027671169983712614 0.02813195152345419 0.02935550909357338 0.021112929259754356 0.019418065596485398 0.018326374516832857 0.017618524412589077 0.017180388682296016 0.017098631320905465
-9999 0.017956360559442726 0.0177893695772277 0.018293540173622783 0.019277816124282424 0.002018755770551653 0.0020735415208130476 0.0020938639715210572 0.00205700742763023 0.0019971044614752395 0.0038520503348229867 0.0037649152191916438 0.0037649152199700398 0.003796131499335946 0.0038555632334025887 0.00978901272987619 0.00998552244997617 0.01013910830553737 0.010294202899341959 0.010939056055721789 0.01958762679806992 0.01996575118000035 0.020191296326512596 0.02019139361534555 0.019349731930736136 0.019029836924616312 0.019064901308646007 0.018984600091734884 0.018626989637034918 0.018204341662922025 0.027514647771821076 0.0283724454971015 0.028012382572618316 0.027946775177877914 0.02855811986518144 0.02014348412186098 0.019494889919427758 0.01881705860969098 0.018212160641217078 0.01784322854847928 0.01768415183030103
-9999 0.017034967674098133 0.017475027400604293 0.018141282093052487 0.01889383967708615 0.0019595779523277853 0.0020496859689198206 0.0020735415208164147 0.002016945741398254 0.001968470818339484 0.0018790007889471195 0.0017973118318519508 0.0017722871944391286 0.0017839354875140872 0.0018107564132759139 0.007502192875367296 0.007669035228104523 0.00785252803447945 0.008162230946458232 0.008569584943288225 0.015168464270106022 0.014878641021157994 0.014931106757472824 0.015341464835968896 0.01546202710226859 0.010996748823911863 0.010873644756687374 0.010875161588568952 0.010718187559542364 0.010520777933685053 0.010253496639774241 0.010135705353274318 0.00990073081048754 0.010035252834997777 0.010230161528967956 0.0060186447413049585 0.005905993324233151 0.005706347539162662 0.005624170288898922 0.005531577916754663 0.005462844362235592
-9999 0.01693823568766479 0.017739480338021425 0.018395524443036812 0.0191550867392493 0.001977389964037272 0.0019791769445004497 0.0019899208688759756 0.00192251544457691 0.001891118205890831 0.00183105109579158 0.0017623445750244643 0.001698655352609192 0.001689001419393825 0.0017229587282151732 0.007149092724068008 0.007351400273577761 0.007578359654920344 0.007809930949839361 0.008191434250398392 0.014476151867288062 0.014373427614285972 0.014309478094654 0.01456651011892352 0.014489239589154592 0.010674788550356638 0.01063780540581936 0.010508417165643756 0.010538751412549598 0.01066512309514002 0.01067506813830895 0.010361070431145489 0.010219450192218234 0.010214057526017138 0.010450178685104828 0.006171184853029461 0.0060324676862875 0.00585404318607092 0.00575389166350618 0.005698360157218231 0.005638814330357965
-9999 0.017148308543283593 0.017689687166515734 0.018158157068611052 0.01882457609347518 0.001889383967708951 0.0019137596228760137 0.0019120116288156885 0.0018634975927370964 0.0017973118316586632 0.0017524404031824775 0.0017018818923319472 0.0016334549781431267 0.001622503103513379 0.001649191541001124 0.006852833982658574 0.007062618106364252 0.00727677575776856 0.007571414452559623 0.007809931503199388 0.013954578804956506 0.013841741438442422 0.013679812041024541 0.013729548089476245 0.014144127816852894 0.010478852277962684 0.010303974275142295 0.010095121685294292 0.010205672866531542 0.010226983758070613 0.010360822379260453 0.010517639038577511 0.010346995202293853 0.010362258852614315 0.010255772737957114 0.006197689134730512 0.006181022296182872 0.006009379101442085 0.0059253894664030365 0.0058762490706573455 0.0058669725718232865
-9999 0.017051127127378097 0.01755737520749326 0.017939613464913563 0.017806020668024725 0.0018225763458322283 0.0018566348757495489 0.0018344484441500327 0.0018208845890095705 0.0017442163077776463 0.0016745927721098792 0.0016084992191476896 0.0015578934739851177 0.0015639654417978145 0.0016007567604523966 0.006609406824635535 0.006711148846283031 0.00697686535681697 0.007453990703609636 0.007516003970531539 0.013506777308484178 0.01339632571362817 0.013201450211199187 0.013298682849039477 0.0139044557586785 0.010248604756775711 0.009994899066135376 0.009834269861274933 0.009844045004462164 0.009836780612795809 0.009902060545623769 0.010077185995976543 0.010019930432832266 0.009981210905875185 0.00986946002071093 0.006110616539980822 0.005951868308814001 0.006104952388745029 0.006101363186947191 0.006071317266293171 0.006015214839658477
-9999 0.01680985909337518 0.016890014182296957 0.016745927720598085 0.016841889014155727 0.0017311133344415559 0.0017789369577238161 0.0017524404031210579 0.00173929467524583 0.0017425746947440969 0.001653933389100343 0.0015533507281356121 0.0015069722546265812 0.001505493262167394 0.0015203312229417343 0.006231573907981401 0.006452630207617448 0.006904869534611332 0.007102439994736011 0.007263263392544994 0.012722532229254431 0.012569457799995826 0.01263995948561514 0.012829273802020551 0.013469956402004811 0.010066752116965802 0.009718412138081707 0.009586756462828534 0.00959596328757659 0.009631842631271852 0.009703562073992627 0.009891894735403672 0.009876407507498937 0.009763220991000394 0.009650136170248062 0.005992756815804266 0.005778856747316734 0.005777504738122706 0.005802423050944791 0.005785379069792037 0.005779248987527395
-9999 0.015899622774870798 0.01599211478371004 0.01582284045731744 0.015915011348433396 0.016555161475926575 0.017083478135125982 0.016729971643164317 0.016413098720811637 0.01633454977783953 0.0015807516101745002 0.0015233116258842683 0.0014688650057499957 0.0014429047627856388 0.0014688650064898499 0.003082567577051533 0.0032263150990594226 0.0032731874757319984 0.0033973107798051985 0.003491718163243002 0.0051786527118344965 0.005062189916948402 0.005144495775117703 0.00539194308678746 0.005637019617330625 0.0019578150292559426 0.001912036864065592 0.001841304162238041 0.0018567268631733045 0.0018791673482382082 0.0019053127030640596 0.001931739866886266 0.0019231421090189216 0.0019163099779125625 0.0019094330552846405 0.001976539134033272 0.0019041183153684239 0.0019004690219977642 0.0018829321095623424 0.00185522885506793 0.003696530770329822
-9999 0.015262963021403652 0.01520331221657025 0.015143832273924898 0.015218208897549962 0.01593041062609957 0.016225031025886946 0.015992114783724483 0.015685306482806395 0.015442941072459198 0.0014775950416433755 0.0014371825958710354 0.0014018036949762466 0.001373976999256611 0.001393411286333957 0.002978589501375336 0.0030436417871725816 0.003179924574459689 0.003279473550577857 0.003368377917221055 0.004966548820733736 0.004830153570864262 0.005067006166828146 0.005316865998885715 0.005513559836752524 0.001884194371082962 0.0018395655043288953 0.001792311773137652 0.0018023895307387084 0.0018243457956448894 0.0018396769939166121 0.0018619687006926195 0.001884448782886114 0.0018914450885690348 0.001888018520523952 0.0019493195694628839 0.0018776107045259188 0.0018432315672298834 0.0018278577290912873 0.0018142630607103074 0.0035747132178766635
-9999 0.014500813785721385 0.014457722204200248 0.014601732966967892 0.01461619254251919 0.015010626854989538 0.015382777405419545 0.015128988979685233 0.014907620089086469 0.014515198907641184 0.0014371825958403688 0.0013684623562401107 0.0013142420660424662 0.0012917064439348575 0.0012996257072249362 0.002723185561911566 0.0028886759247847616 0.0030198668946185953 0.0031006551830955703 0.003210798112230182 0.004876880791663799 0.0047238981684065715 0.004985574757292315 0.0052228048961576 0.005437330579443162 0.0017656578546660399 0.0017327536708314553 0.0017294916011941206 0.001747522834781759 0.0017574211733773857 0.0017740007171137002 0.0017823448523331224 0.0018192987918734637 0.0018447961810092175 0.0018602101991160968 0.0019279331367550675 0.0018244019251077474 0.0017591444740380439 0.0017426541695870048 0.0017360745603521327 0.003455768815111533
-9999 0.013753582975403047 0.013684623562117817 0.013629645871391014 0.013561160874421647 0.014272096870544444 0.014457722204202909 0.014201180162740391 0.014032061336138244 0.01379508526542204 0.0013479326353493673 0.0013049261061833985 0.0012552457285871625 0.001238594173094052 0.0012398688534138867 0.002559795922468071 0.0027286748988039396 0.002880083115756893 0.002903039796468613 0.0030436418157629833 0.004560993782055598 0.004673680681938491 0.004900365526256644 0.005105646966308927 0.005422169383651341 0.0017018835164580633 0.0016571028360266565 0.0016618629690231758 0.0016841976696449184 0.0016906218214397931 0.0016938447939434185 0.001711617512217192 0.0017541294876582487 0.0017940122328983332 0.0018294114598269727 0.0019016059600225185 0.0017873252932351976 0.001723000557684057 0.0016618885023497551 0.0016350452848774377 0.0033269220710982227
-9999 0.013492939131529949 0.013262951224053044 0.013129080752397179 0.013262951224053226 0.013492939131530646 0.013643374481018392 0.013262951224056945 0.013276395923772482 0.012930237112954409 0.001255245728553874 0.001233505785689551 0.0011958683332935235 0.0011615720559260273 0.0011664225871029583 0.0024316528524081452 0.0026018984797686654 0.002647218660843893 0.0027701139070151 0.0029435415355497535 0.00432012472319665 0.0045342470448683486 0.004788372697127816 0.005139626155691348 0.0051201904962984955 0.0016428848243269989 0.0015915024113602413 0.001585354292602831 0.0016162721227463942 0.0016256326090153034 0.0016162767352699634 0.0016413215634866526 0.0017051287147351842 0.001760711125943133 0.0018074114271664347 0.0018549452680702056 0.0017673316418474504 0.0017067464685811364 0.0016350361261883123 0.001556386355388563 0.0031127677322657908
