resources/Output/ETP_SO.asc
NCOLS 189
NROWS 177
XLLCORNER 690600.0
YLLCORNER 5139200.0
CELLSIZE 100.0
NODATA_VALUE -9999
[rows 144 to 161 of 177, columns 41 to 81 of 189]
0.012020770098129527 0.012208570616939782 0.01277285313907945 0.012462577671924484 0.0012335057856790648 0.0012297003381829884 0.001215826425931363 0.0012045676598109603 0.0011909198348914957 0.0011700711687039577 0.001173728916511839 0.0011712893991236905 0.0011567377865928392 0.0011700711687068679 0.001147117955845933 0.0011712893991429262 0.001177395838433244 0.0011773958385124439 0.0011884517274617589 0.011921554245587893 0.011872192097873374 0.011761725168009269 0.011519197737857536 0.011399456602087552 0.01160362055394383 0.011579450596975214 0.011328102595444988 0.010838725819587204 0.010279004573644002 0.010148369142276821 0.0104667393927207 0.010612406523747437 0.01060197417753722 0.010637681535607856 0.0105301945200581 0.010496537222949983 0.0101261919995784 0.00989839614618783 0.010259647793911489 0.010516570493485027 0.01051966588214394
0.0011958683332711035 0.0012020770098129531 0.0012565338684430302 0.0012604045116228746 0.0012170825408511562 0.001212064253504584 0.0011995904634291398 0.001177395838382616 0.0011688539567404114 0.0034629802322645063 0.003462980232264841 0.0034593682344201196 0.003452153365962126 0.0033700547475286227 0.0011186466951172624 0.0011519197597832703 0.0011435272373582226 0.001155531758046158 0.00116157205621597 0.0011639952883692045 0.0011543267462934895 0.001136373115058868 0.0011316239069682605 0.0011116195452788536 0.011435273300787495 0.011339967174090446 0.01110452414904022 0.010713464368023541 0.010279005839117148 0.00998698051931238 0.010191914838715278 0.010389520846711565 0.010247568253880998 0.010503417910216417 0.010452835211100067 0.01044264676422447 0.010152571395282757 0.009794244465934614 0.010081606338711697 0.0 0.0
0.001174950204070009 0.001200833223807719 0.0012347763329971968 0.0012475386543359924 0.0012436990980059326 0.001214571339912917 0.0011798455535713321 0.001159152889712814 0.0011328096831765351 0.0033771301891942374 0.003398429049530047 0.003387766011761884 0.0033771301891974376 0.003313885302867447 0.0011151285838202297 0.0011221738519483367 0.0011081194623827752 0.0011292553373804443 0.0011304391111557853 0.0011268908145236343 0.0011139578907495846 0.001098830076849302 0.0010942093861937127 0.00109305672848593 0.011233516717585679 0.011104520493614259 0.010861621244071234 0.010611868938485794 0.01014831705212439 0.00981722102372009 0.009933787864312711 0.010148811743797463 0.01021476085162005 0.010436461800965415 0.010352621222615696 0.010385334631143803 0.010266625708851061 0.009683392632270907 0.009846872857525448 0.0 0.0
0.0011483168869987855 0.0011983487283993633 0.0012246408522476769 0.0012246408522476797 0.0012284339196417067 0.001217082540851159 0.0011896852694604056 0.0011459200373765662 0.0011198214085560438 0.0033243583870017235 0.003293020195491513 0.0033278554262579658 0.0032447541698815336 0.003120000481205001 0.0010656909200922784 0.0010736135226338981 0.0010781625359345991 0.0010988300716074084 0.0010953630496701203 0.0010850158597506814 0.0010724787516006571 0.0010611854962480054 0.0010544569898151238 0.0010611855226181474 0.010976734790585902 0.010861617629298118 0.01072479253310821 0.010300899804307474 0.01002974650243536 0.00983829542037762 0.009681198617937042 0.009955316853422182 0.010258188556358882 0.01033646634698546 0.010317993449668472 0.010347791627482063 0.010353228846846672 0.0097909390566297 0.009593425985619982 0.0 0.0
0.0011387537758553014 0.0011700711687038909 0.0012108122525750283 0.001212064253504584 0.0012158264259313591 0.001200833223807719 0.00118598771062155 0.0011555317579148604 0.0011116195091892204 0.0032550475769771645 0.003193689239509187 0.0032038487066640103 0.0030869771413123428 0.0029419832007307064 9.869921814970528E-4 9.891102446070437E-4 0.0010366875437061588 0.0010623103659559005 0.0010578167941518372 0.0010300887555694622 0.0010159119994900484 0.0010094243722745108 0.0010094243785080171 0.0010224346672950046 0.010645631478908176 0.010589388751238627 0.010377911837296274 0.01009425369539283 0.00979611625644159 0.009587792801243618 0.009495353495012918 0.009880845061277234 0.010279793991554502 0.010248056210309166 0.01030512690314943 0.010342956186546088 0.010319309152766012 0.009817863250711278 0.00936959383605301 0.0 0.0
0.0011221738519291403 0.001160361964763856 0.0011958683332711035 0.0011983487283993633 0.0011971080184398032 0.0011872192076104319 0.001168853956740389 0.0011507177886528827 0.0011116195091892178 0.0032276581327242374 0.0031133723068121257 0.0030153560772074907 0.0028516382109137137 0.002754720441034183 9.222257982921353E-4 9.495218945864578E-4 9.922945611483705E-4 0.0010072695913845746 0.0010148282972246316 9.838223012335647E-4 9.681023843869769E-4 9.712291415963742E-4 9.954875619164081E-4 0.0010235251797463126 0.010105032648607059 0.010191690693369554 0.010061939763886762 0.009775092218292142 0.009670638319506732 0.009444193497210929 0.00937315151737041 0.009754350024571229 0.010246726239901756 0.010106249685565125 0.010216059534831817 0.01018607059964545 0.009805539396490037 0.00991805479626323 0.009273695614157798 0.0 0.0
0.0055580975459459695 0.0056818655472891085 0.005862543241470808 0.005886979191913005 0.005862543241470808 0.005844269783701947 0.005795764448564034 0.005669982412920013 0.005616757912532967 0.007579092083313768 0.007233686216487346 0.006968412874193397 0.006575325141837121 0.006194737962495052 0.004396004042248708 0.004546635111386067 0.004711895811057115 0.004727173297057667 0.004861366507381941 0.0037613875454391168 0.0037492221876963623 0.0038765747289074837 0.003952202953956127 0.003969178310047958 9.670620801855067E-4 9.817139475572006E-4 9.712293669401224E-4 9.413630757748973E-4 9.342739042952638E-4 9.162556720327959E-4 9.142756702225039E-4 9.649993111098598E-4 9.976552128779395E-4 0.0010062661576313641 0.001005264370236944 0.0010000333456288563 9.551058624851285E-4 9.761580483131671E-4 9.301962104263122E-4 0.008821258190943657 0.008811824554362187
0.0055580975459459695 0.005664048415882542 0.005783688932958445 0.005789724152115453 0.005735589779191752 0.0056997281233236 0.005675921456193333 0.005534773923361606 0.005413637202366825 0.007619191666556235 0.007210621284442072 0.006998308735766437 0.006575325141836364 0.006167824076556228 0.004259077152236938 0.0043058616823389295 0.004415191549521665 0.004439279212103341 0.004601155516126061 0.0036097867440843014 0.003753273536143359 0.003835094509229287 0.00384749857035318 0.0038268442035014416 9.332636405537849E-4 9.556812383800046E-4 9.474765402394754E-4 9.004895608127184E-4 8.90758158622412E-4 8.907591073490956E-4 9.004930589397336E-4 9.35291475268493E-4 9.733377875721266E-4 9.75450492791311E-4 9.744387833029721E-4 9.445423773431967E-4 9.244267656170688E-4 9.255298401431635E-4 9.326700085736121E-4 0.008757972033637878 0.008568828193993495
0.005622651597219439 0.0056818655472891085 0.005669982412919986 0.005687814687790337 0.005652195554151692 0.005581501415327269 0.005599107042780113 0.005436541293502705 0.005289083969453587 0.007149415691600549 0.007225991058519668 0.006968412874192791 0.006610906507472933 0.006194737962491465 0.0041440852752407204 0.004071953794879662 0.004121422157324088 0.004176000785869786 0.004277736673527508 0.003570785514439521 0.003680924414681615 0.0037209681636357138 0.00368092442565219 0.0036333653538402583 8.985354834134538E-4 8.975600160182278E-4 9.103137422303794E-4 8.658849910170766E-4 8.658852432808995E-4 8.715707584695944E-4 8.801610010989591E-4 9.083461310607575E-4 9.464652980921549E-4 9.43416266814362E-4 9.403822451086347E-4 9.192930981413536E-4 9.173369813129076E-4 9.114301652656171E-4 9.08506872983669E-4 0.008594601477669108 0.008344408274986812
0.005669982412919986 0.005747584155836827 0.005622651597219439 0.005599107042780113 0.005546425710427889 0.0054710468627974995 0.005488366992485078 0.005300308024155083 0.00506331905774084 0.006805913109140709 0.006675369993847283 0.006625185341894852 0.006554055554691303 0.006208233481791256 0.004162295931785931 0.0039921565981196954 0.004027446295311777 0.004103371638391554 0.0042265966655972214 0.003543704289103048 0.0036294262762943796 0.003598047530877931 0.003486278997870803 0.0034711045363876275 8.621130209273195E-4 8.527470763697309E-4 8.536796316940692E-4 8.379492957653697E-4 8.416273363293765E-4 8.499554607105976E-4 8.621142033770402E-4 8.946415958417639E-4 9.373108339326106E-4 9.22235267499952E-4 8.985511810265074E-4 9.08367453974414E-4 9.113409076492425E-4 9.025006722450262E-4 8.95678561544127E-4 0.0085188259856345 0.008162420963508773
0.005747584155836827 0.005795764448564034 0.005599107042780113 0.005511530441267135 0.00544227976182569 0.005351060889026825 0.005261110145787748 0.005211067377853211 0.00481455106188196 0.00637910836977189 0.0062624733247103005 0.006221754752418348 0.006228525052382118 0.00608769780708052 0.004121422157262641 0.003965873013872637 0.004027446295298342 0.004058555289802489 0.004268397876786808 0.0034938881165629773 0.0035321532405974314 0.0034786844636045485 0.003329836750634191 0.003344462419245627 8.25189183966855E-4 8.063754627881189E-4 8.019533091015674E-4 8.028360235176211E-4 8.206744716000116E-4 8.324594897572848E-4 8.416276911573765E-4 8.820788574516784E-4 9.212305701258628E-4 8.965897717014797E-4 8.936744968638989E-4 8.888333462625748E-4 8.995286452360769E-4 9.005118016249524E-4 8.917536460562934E-4 0.008801883851336 0.008425758225478166
0.012750681786840875 0.01250010420403604 0.012227814601081133 0.011922582674831686 0.014825141880934388 0.014451982117038291 0.014101774278195098 0.01417729336167426 0.013641102953350285 0.006399886067196426 0.006054583346928987 0.005865644229220153 0.005820831209067507 0.005757343231933146 0.01438758893823412 0.014058553430704893 0.01415185971697052 0.014482871059137613 0.015149287338073681 0.004329423927132893 0.004334150011946759 0.004212743959671863 0.0040274462991949775 0.004040752332756662 7.888179780188327E-4 7.539074281777719E-4 7.390334115393127E-4 7.801698629517161E-4 8.037195907742055E-4 8.143909152734408E-4 8.333722654744938E-4 8.734726716222565E-4 9.004904345465913E-4 8.782456972931588E-4 8.792039951120372E-4 8.840048580541521E-4 8.878627997975578E-4 8.897984469862502E-4 8.801696160619179E-4 8.820895552469851E-4 8.76344258914946E-4
0.01268435019286878 0.012421808709788786 0.0121253669707877 0.011847261730004957 0.014622030043911096 0.014131941154577098 0.013685118568925242 0.013264669379700174 0.013122277642678119 0.006399886067196413 0.006015055980289963 0.005707000308165503 0.005552222219402374 0.0054431457809354 0.013600386077701409 0.013317346263663746 0.013736380240484933 0.01467514364971357 0.015066574940820001 0.004245129910390518 0.004212743958321642 0.0041078776141308835 0.0038325614914848528 0.0037778850262867787 7.530739039606089E-4 7.14052728191239E-4 6.890958423335202E-4 7.707566583730161E-4 7.844831089195008E-4 7.966756661196772E-4 8.197741733597143E-4 8.611726422163052E-4 8.564830938256565E-4 8.54613860716311E-4 8.574200599186714E-4 8.592957022211735E-4 8.706227888777875E-4 8.706235822088543E-4 8.658890212886444E-4 8.696757978430561E-4 8.782485422274609E-4
0.01308653796406441 0.012830648456937207 0.012395798950610465 0.01207440738346715 0.01469987428950376 0.014162162366389135 0.013365131549338197 0.012758216739543596 0.012322223320045723 0.00608769780707668 0.005904299847515453 0.005644628140777882 0.005371516165134658 0.00509922226441862 0.012570425462161116 0.012198287030632391 0.013555330235057731 0.014451047243793638 0.014772137897987083 0.004121422157395742 0.004045196461395835 0.003935407046127466 0.0036302020312903483 0.0035386757122939858 7.1246840093097E-4 6.746695054153492E-4 7.077351461870277E-4 7.522412405910285E-4 7.690563502296084E-4 7.810307838282162E-4 8.126034835876059E-4 8.397864705756677E-4 8.333721789819878E-4 8.39786703836976E-4 8.361161612624545E-4 8.361164031226994E-4 8.518165507665552E-4 8.574201404677506E-4 8.490276224293352E-4 8.546148115342981E-4 8.611741884495343E-4
0.012671117357397257 0.012578799610380553 0.012343912371220553 0.012176502631395504 0.014935476495103378 0.014162162366389135 0.013336361710208028 0.012524946649420077 0.011808599695030765 0.005782663685156361 0.005589019237340009 0.005413194797249759 0.005225053632287688 0.004877637412127594 0.01144683978197344 0.01152379344664802 0.013273156198189123 0.013950403986871418 0.014120695258261762 0.003939746287355146 0.0038367972609761355 0.0036869878331573214 0.00338087231719946 0.003324823605700276 6.561249029584491E-4 6.437946201270486E-4 6.883293304687812E-4 7.390334013836799E-4 7.572499950779414E-4 7.862144475526672E-4 8.108196237495041E-4 8.126034697919553E-4 8.215756235060001E-4 8.224777619996063E-4 8.23380807474277E-4 8.2790908110021E-4 8.352006011508634E-4 8.416276327390992E-4 8.46245299115094E-4 8.45320038647039E-4 8.508854326643104E-4
0.012163702196445454 0.012279303113719994 0.011847261730004957 0.011772333955859015 0.01495129396442692 0.014344633106909184 0.013495254354932247 0.012758216739543596 0.012003861969342174 0.005751028658201738 0.005503501001010614 0.00527735194568847 0.005110544345911661 0.00480759112348545 0.011345008616273322 0.011562457544864124 0.012767573031530302 0.013214447297612111 0.01317057368860468 0.003586156281249561 0.00352689788609513 0.0034454791761280783 0.003347136011040501 0.003116376701835161 6.129129567938876E-4 6.331007741899277E-4 6.860346423348209E-4 7.292686294201288E-4 7.622893610042379E-4 7.870814181844044E-4 8.01071491781132E-4 8.054892862221502E-4 8.072625604916885E-4 8.046040132030194E-4 8.046040424167669E-4 8.090394236112565E-4 8.152859313821095E-4 8.206745418772435E-4 8.279090007357368E-4 8.333722225669726E-4 8.361158782384184E-4
0.016019243533314558 0.01590092407246518 0.016036205672311243 0.015157548177679 0.014101774278195098 0.014283591435559944 0.013568011514350579 0.012841444980526627 0.01225529149600238 0.005846401099979231 0.005540005383715264 0.005318360859359282 0.005003922848677852 0.004691216041085891 0.011119097213247641 0.011472435608051147 0.012022857783268635 0.012348623542520955 0.012171140339837004 0.0119028186189452 0.011982716839230108 0.011692243519434325 0.011269212805951433 0.01038586437611071 0.001143703357096605 0.001283283957680322 0.0013936106903235529 0.0014895705316513147 0.0015330246003762823 7.767347931755367E-4 7.853483229797857E-4 7.923015479907228E-4 7.870814271941E-4 7.853483425782277E-4 7.844831077220848E-4 7.870814603916961E-4 7.905580813947932E-4 7.923016162139046E-4 7.905581058604706E-4 8.081505663782414E-4 8.197741245735036E-4
0.01558342461585706 0.015141365522761173 0.015141365522761173 0.015141365522761173 0.013553433363090893 0.013221813014939911 0.013136457365449626 0.012799772134392741 0.012268652236584916 0.00573841813468528 0.00546721522303804 0.005230840880881025 0.004965167290034616 0.00460826975131913 0.010885403575592735 0.011106676013362396 0.011408549690535499 0.011485254279816004 0.011434062608215018 0.011549555614703576 0.011345008616345232 0.01097093557934835 0.010455809417640374 0.00967922094958142 0.0010863458156145304 0.0012549359141995787 0.001412327895157572 0.0014601555285412215 0.0014945259680629176 7.606061593217779E-4 7.716080843929517E-4 7.775922594550432E-4 7.699060636014294E-4 7.631322462929765E-4 7.631322504762295E-4 7.606061770512927E-4 7.589263930973003E-4 7.547418169347398E-4 7.50578462887524E-4 7.639760045509347E-4 7.853483539431293E-4
