resources/Output/ETP_SO.asc
NCOLS 189
NROWS 177
XLLCORNER 690600.0
YLLCORNER 5139200.0
CELLSIZE 100.0
NODATA_VALUE -9999
[rows 108 to 125 of 177, columns 123 to 163 of 189]
0.008903798666093525 0.009068257247808265 0.009241787985862697 0.009437467486065061 0.009520662127255162 0.00960451736251372 0.009695579864073265 0.009813794833276919 0.009886677030272635 0.009953362441818887 0.010074389266824767 0.010183075243490314 0.010320380124971362 0.010410514094426507 0.010515368746167082 0.01067077978160691 0.010613989452181585 0.010480240645731935 0.010313408287635913 0.010074349383871126 0.009893352316328215 0.009933360266470997 0.01006093640702088 0.010445354847301334 0.010835425655525635 0.010944037205844144 0.011060856397544701 0.01133504366974404 0.011668574286224023 0.012199983076040076 0.012611374632712249 0.012866815731533029 0.01314318740866562 0.013570662830085511 0.014061989051486102 0.014484576658349181 0.0147591291865387 0.014916379349133764 0.014972166074924489 0.014944253963777144 0.014953542255263026
0.00860079478054083 0.008783811714057491 0.009019250444037015 0.009260560785993766 0.009431094451880452 0.009520660366907182 0.009598043457617868 0.0096890480394168 0.009741397458860627 0.009800594897436364 0.009893320154028764 0.009860129497711203 0.010054117722887916 0.010203561311435815 0.010285910867166402 0.01045927590829825 0.010341029997994482 0.010047331821034568 0.009840226232143133 0.009774264957345872 0.00974145321567123 0.009913352889740249 0.010115045296230243 0.010706363864995384 0.01090773162520426 0.011024245621307816 0.011320083737113998 0.01159204706053396 0.011963137398175163 0.0124163976022027 0.012817032384011117 0.013168514824316054 0.01346710550930149 0.013805916092285602 0.014276622615614513 0.014603090070112089 0.014888542227854374 0.014981498081343893 0.014962878267787279 0.014962877465628103 0.014962871587685991
0.008398534862217708 0.008682983726752625 0.008891746901044368 0.009123709003447942 0.00936126466405455 0.009469376904437124 0.009507813179899172 0.009546396447974838 0.009643436704470296 0.009728249915122267 0.009643437027111505 0.009610996894425428 0.00974795812748919 0.009899987943581762 0.010094678385657859 0.010189842529927532 0.009926600523699397 0.009741397727594654 0.009630490354314207 0.009624021400553748 0.009702170040621938 0.009940020954137202 0.010445332561776125 0.010792289921090728 0.011053505481020829 0.011312611819729161 0.011676232024975272 0.012120577418353876 0.012303802836180008 0.012644115618270951 0.013151606513537691 0.013510191469793865 0.013929107293842443 0.01416902776250481 0.014475512424681324 0.014759156525098498 0.014972183850123399 0.014981503825668268 0.014972188865412477 0.014944278398353994 0.014934976913569339
0.008161857089457962 0.008525124257404652 0.008748094667853566 0.009013121394751007 0.00924176932669191 0.009367581088274424 0.009411993924328139 0.009443834103596123 0.009604456721424744 0.009494929435874292 0.009285643803230154 0.009329699560091791 0.009443868354258308 0.00967600323256815 0.00988665459861514 0.009906625934611871 0.009695596147039229 0.009598093362269003 0.009578704136662295 0.009585175040493617 0.009767723358961625 0.010101460874233567 0.010508342823105348 0.010914986016771929 0.011290202632430316 0.011561590664464924 0.011955318538551554 0.0124083073019398 0.012767419681627598 0.013000219414816772 0.013312933386441851 0.013849811553522858 0.014151167567765516 0.014448279625144965 0.014676404075247618 0.014916401610501787 0.014990817177527265 0.014990825336698403 0.014953586966803979 0.014907124791162572 0.014897841842431387
0.007991335824392463 0.008251267622469879 0.008542538813987461 0.008819613304865493 0.008982626505901361 0.009160795864615979 0.009279333933152629 0.00935490522574691 0.00937385269355072 0.009123699619885054 0.008976598607976283 0.009043778987045323 0.009235592531206732 0.009443899153952202 0.009585163642137308 0.00964999557191259 0.009656502790653866 0.009643492136337643 0.009624003721187267 0.009689073850031123 0.009820428761395427 0.0104104709569096 0.010821010741428242 0.011097566448638397 0.011320097497322743 0.011592090173982121 0.011931883032685223 0.012376123366919262 0.012718025239845393 0.013304348547091295 0.013536113214174951 0.014053119247909765 0.014384871024786946 0.01458484418463366 0.014796061210287034 0.014990819955379734 0.01498150522414012 0.014953585466339412 0.014925699479804794 0.014888574745973982 0.01487003089364268
0.0077870780539507365 0.008018647447237284 0.008173011540904872 0.008427150161032924 0.00861246960401848 0.008801632256261863 0.009006936516296658 0.009098934931305324 0.008928008889610284 0.008903866986518258 0.009043762196070403 0.009191924868239094 0.009310827371978168 0.009533545218977655 0.009734847901456067 0.009986804271322229 0.009886695098688803 0.00994000944409131 0.010033895937556006 0.01017619718013625 0.010244652925789972 0.010592840699358369 0.010994981147341406 0.011134417652590734 0.011387602081946405 0.01166094293789891 0.012049577573663813 0.012432602482526435 0.012800514460863402 0.013312920586954656 0.013893837411552245 0.014294637388901615 0.014484605998023726 0.014685588466564845 0.01487004008028123 0.014990824353996197 0.01499082269935986 0.01494428676253042 0.014916414120456713 0.014879308803533189 0.01485151591572507
0.007582923056303347 0.007781872022601323 0.0079968348969672 0.008084421961666168 0.008178540615331981 0.008318905446266739 0.008473139446239408 0.008530972016929431 0.008765980259213667 0.009223021237288805 0.009431067900416994 0.009578612682519456 0.00968903462329692 0.0099066147539208 0.010210355024225846 0.010522195303101183 0.010020442497348535 0.010101491504356354 0.010382699683236601 0.010606931970233525 0.010706396626019726 0.010821059444040632 0.011104925680942661 0.011252970612803455 0.011500834309836906 0.011830644866603261 0.012368038183913865 0.012734447464352885 0.01326176991140155 0.01365743058151265 0.014115442776233762 0.014421080518699027 0.014593980793134637 0.014759173595639915 0.01499081466377308 0.01497219437080764 0.014953589039569259 0.014972198493601128 0.014934991971716587 0.014879310150924266 0.014851519846153668
0.00737418053178734 0.007603794965224491 0.007666086964427969 0.007686902079868798 0.007931694664755785 0.008206470705593808 0.008370031510282223 0.008879655386641986 0.00917322186663223 0.009507782729651701 0.009656454339004174 0.009800602774953688 0.010033898203578539 0.010341094106795562 0.01067075820051196 0.011016651762948023 0.01027211488137813 0.010515363824568037 0.010770747266517408 0.011053446795012042 0.011230557156429871 0.011327513011037295 0.011238082299233452 0.011462981032277162 0.011760952955240815 0.01205744599175729 0.012521713676017747 0.013176937989429833 0.013579312846503136 0.014017601854700495 0.014312651034268315 0.014557454216162138 0.014749949990497451 0.014860779779881752 0.015046805038737099 0.014972198257349821 0.014934996922249573 0.014907136271654582 0.014860786772372084 0.01485152889419122 0.014842264388536528
0.007719900770887575 0.00780925167556697 0.007932195010722167 0.008134371743575624 0.008273849776417583 0.00861835385303311 0.009025303290616593 0.009179450061483135 0.009462993915988285 0.009761074079507812 0.009906647786472192 0.010108241303250484 0.010361892550678516 0.01062112380239307 0.01100224345766662 0.011260239366808271 0.010828165794990258 0.010813838242340267 0.011297594238693328 0.011478009952977408 0.01182273403301171 0.011676176896922316 0.011425241695181646 0.011776411791692157 0.012128538902392204 0.01250545319448813 0.012875088132313774 0.013287328907526926 0.013885002614876138 0.014204835314094074 0.01443921322319318 0.014658059447256898 0.014870038167880418 0.014972199873886056 0.015056152192133448 0.015000146210615628 0.014944285972535882 0.014888584482681214 0.01485152256930441 0.014823764212472319 0.014777608456259509
0.007919191778810395 0.007939132264247363 0.00814083016284242 0.008439254672760566 0.008916167500908873 0.009123788999725954 0.009198174949010063 0.009348668875770572 0.009636961732663676 0.00987340101479219 0.01005413839185338 0.010375776943743467 0.010599917051373295 0.010958526881251145 0.011245449611169219 0.01166077152077734 0.01170680160279128 0.011455297896297649 0.011599643651118192 0.012160146978694216 0.012335743155405613 0.01194741193956838 0.0117070136975581 0.011963174843760785 0.012448732542502818 0.012916675457210558 0.013253289762254693 0.01363136071374688 0.01408870069547537 0.014384861184966687 0.014566583798317618 0.014805286702897272 0.014934990878512489 0.015018802107064232 0.015065503061690667 0.015037467504007095 0.014953590546523163 0.014897852078291767 0.014860763920627452 0.014796037422967883 0.014612274407564912
0.008282449072876818 0.008283840692267562 0.008527506819677188 0.00877901287333024 0.009044272374246175 0.009298447080474117 0.009495097772140498 0.009669519573874602 0.009866768902395063 0.010013736488620103 0.010251543557511449 0.010334249594526668 0.010777925785830339 0.011119600049906333 0.011342516695358936 0.011853816872048534 0.012295599867004936 0.01234381804884805 0.012368004001525415 0.012586793142875172 0.012726103830327271 0.012376006896872667 0.012002383941925675 0.012255847105051246 0.012505509745939988 0.012941733161421594 0.013605288017049572 0.013955606753663218 0.014285635540132288 0.014539209996017249 0.014694767929907964 0.014888576600150744 0.015000148241899852 0.015046811786498906 0.015084216129409158 0.01508420460903476 0.014944283577631206 0.014934970180417314 0.014842212684079764 0.014511882220416519 0.01438488374668152
0.008850791912970874 0.008931232174115301 0.0090910207256017 0.00911942680235927 0.009286492465149144 0.009488938839619715 0.009650110991607416 0.009866816155305345 0.009993592932252427 0.010155837528984815 0.010396625880880252 0.010466352341040359 0.010550559190591717 0.010857108805667995 0.011245463557704874 0.011531116994912482 0.012025866036091425 0.012489141495855637 0.012742626471743658 0.012808719340906572 0.01295832115689818 0.01272611675011668 0.012295816880851289 0.012489281271929968 0.012685158020561325 0.013016993933059256 0.013484341119387474 0.01399102695130476 0.014384865135308112 0.014639719357538057 0.014786827944608668 0.014916414478637214 0.01500015133659678 0.015065501233625772 0.01508421362972881 0.01510292988820936 0.014990811792761526 0.014944220172608621 0.0145665480797264 0.014294642406169795 0.014106558833179364
0.009249623186952851 0.009250169013908276 0.009520618930940925 0.009587758907200438 0.009502535535746159 0.009702569998661094 0.009781027269094925 0.009920062473590245 0.010128654883551498 0.010361923858067506 0.01044539032884078 0.010536479772562682 0.010635348541108855 0.010813899910185642 0.010987735819638701 0.011335062544632178 0.01174549970613362 0.012104801999413327 0.01247303486109622 0.012950018351579086 0.013117811743300936 0.013126174745849296 0.012668665055485535 0.012701574202700043 0.012883462539426602 0.01327032616850807 0.01366615882884752 0.014053157902117409 0.014448281940314793 0.014694763819400707 0.014796062267438676 0.01488857998477741 0.014972205579897483 0.015074855394904321 0.015093572192780992 0.01511229494851249 0.015037412383912074 0.014805192128692376 0.014312632881925537 0.014079806698721347 0.013876220262893892
0.009662830929805974 0.009760564550138781 0.009907881642101985 0.010010149531185408 0.009834939641742507 0.009893862187802945 0.010074605591246242 0.010196830133566738 0.010410553429639193 0.010642423856772944 0.010720715096352812 0.01083546306498327 0.011002288498990896 0.011141761326659469 0.011238071296455193 0.011462962407633413 0.01175324050708516 0.012096927111469653 0.012473047856777861 0.012891730090702906 0.013202366078036907 0.013355576467505436 0.013278746817524644 0.01302535856783232 0.013177012529019474 0.013588011369180813 0.014035346327192909 0.014285650376284261 0.01451189435929633 0.014648899894137264 0.014749961914736088 0.014842273192563803 0.01495359161373478 0.015065501583348477 0.01510293145714195 0.01511227139179235 0.01493489952875448 0.014384843810830819 0.01415112272672891 0.013849796569845177 0.01355336226459064
0.009976570928288046 0.0100814335796989 0.01017782263151144 0.010323716904485915 0.010328614449629028 0.01021094953721564 0.010299918520450826 0.01041062248576289 0.010607030736136471 0.01066375359442848 0.010915007850989537 0.01118610543509908 0.011290188825104555 0.011387585931501739 0.011592076663337654 0.01191623318466034 0.012168187973996849 0.01231986985308596 0.012529877258153152 0.012718032767387722 0.013253287702592783 0.013441310599825345 0.013553358698349838 0.013570672677265559 0.013492974128193067 0.01370976544538439 0.014008788380462772 0.0142856734169986 0.01448462102592896 0.014584859629670028 0.014722353478854823 0.014823776214840415 0.014925706725582783 0.015046803722787206 0.015112289737500034 0.015093500158215643 0.014713070470668879 0.014285584079309983 0.013920238090106134 0.013536050972335347 0.013185434970603515
0.0100602644275856 0.010304614831002232 0.010404311925067545 0.010511468932871986 0.010657816147118087 0.01055806619160744 0.01057185546022102 0.010642484637187997 0.010742172885511074 0.010922254489117432 0.011134392006537316 0.011485620580999372 0.01167622290642369 0.011607345327614161 0.011807363009845745 0.011916277011513255 0.012271834961039523 0.012750897842299195 0.012891746720380069 0.012983493290658982 0.013101039371502565 0.013510208784151883 0.013648778379119174 0.01375341475218106 0.01384107675110556 0.013867469007374603 0.014124413670166714 0.014294680116829099 0.014439237455966598 0.014566600066938303 0.014685599239274262 0.014805298645064274 0.014916417281527688 0.015028126230406093 0.015140411218235398 0.01500006889928223 0.01452093896788216 0.014151086476095578 0.013613987973816032 0.013278813224149411 0.012991854401384458
0.009970826010168129 0.010137797869181574 0.010333907838779072 0.010497020099810543 0.01065769578119503 0.010915355845209774 0.011127087374708447 0.011082874688958707 0.011156508905771738 0.011312588797649544 0.011561542999731026 0.01176864052266572 0.011924035516264687 0.012002370527784847 0.012160248851372093 0.012065347173263201 0.012231917351334548 0.012570590169694685 0.012966792711898807 0.01344123881419853 0.013295878405926375 0.013407027094743253 0.013727205994512 0.013841079894839386 0.013955664736994725 0.014079858299379092 0.014195923496709091 0.014312689892547695 0.014421108476946954 0.014566598766886317 0.01467641880413314 0.014796065520512179 0.014907128028584822 0.01502811952706794 0.015149781399954328 0.014962780700248408 0.014439126621997509 0.013937889476634512 0.013432705044916528 0.013143153572857013 0.012891708621634473
0.009637306582290532 0.009819181777697172 0.010052578723395903 0.010260576785036809 0.010432332459863615 0.010721055773593247 0.011141849262208264 0.011493197595906895 0.011599644536217521 0.011706960699517353 0.011892812879428923 0.01202592751098975 0.012144395819151771 0.012255822587717301 0.012360032066961178 0.012497338442778571 0.012424530871782311 0.012709802317312838 0.012933412731865653 0.013347089465689695 0.01369227024224145 0.013596700459745781 0.013727213459847948 0.01393798953734225 0.014026533379384499 0.014151198003653586 0.014231775391255705 0.014366825651832383 0.014511914892566802 0.014639745749257464 0.014713157323026563 0.014814527914490557 0.014916412413887322 0.015093546915902114 0.015149761876113724 0.014823667626594834 0.014357637513819596 0.01371839053490003 0.013321412107882222 0.01304209572740167 0.012701489525701534
