resources/Output/ETP_SO.asc
NCOLS 189
NROWS 177
XLLCORNER 690600.0
YLLCORNER 5139200.0
CELLSIZE 100.0
NODATA_VALUE -9999
[rows 108 to 125 of 177, columns 0 to 41 of 189]
-9999 0.047752984638824256 0.055375876670295386 0.05433507992666103 0.05322396197868681 0.052439684687105505 0.05212270214282495 0.05228831239162955 0.05273470357314396 0.05250440922951897 0.05255474553586639 0.05255766669469735 0.052509994851561895 0.05223622759243406 0.05202179673981425 0.05122890849987213 0.050305600752768805 0.049750196796896934 0.048924624997081854 0.04805189566495133 0.04700416002608508 0.04618485354352837 0.0459184642208121 0.0461986122154445 0.046865814284851384 0.046838320482494054 0.04641362099279086 0.04623347581284177 0.04594537473381501 0.04551480019818567 0.04471254776411063 0.04413739500224514 0.043677095534104225 0.04315373978944735 0.043126772680597225 0.04327485749045898 0.043694751610595106 0.044383876575425814 0.045349480343926336 0.04644725448958448 0.047399371177738445 0.04867544595317714
-9999 0.04634701974066973 0.054973202210203055 0.053667662413874676 0.052806950798042096 0.051735740479437055 0.0508888795792026 0.050987741898910165 0.05140488530558816 0.05130833872069319 0.051082905317013136 0.05133673501270129 0.051114443237851935 0.05115362760395579 0.05125717526294299 0.050874893496979184 0.050061993083016926 0.04936561685885615 0.04878894329618694 0.04817960785323627 0.04715303311865335 0.04663090651285684 0.04653215647489452 0.04679353357271717 0.047680096793896926 0.04824529512677735 0.047889049546516564 0.04782035952166411 0.047533623845458846 0.04687274858134385 0.04582069148967586 0.04541962442014952 0.04421371623548079 0.04369534523726876 0.043533354080801744 0.04364162173058962 0.04390163228284954 0.04424791930155238 0.0450772245605992 0.046108331006926254 0.04721623758625305 0.04830623928649369
-9999 0.04623129060017908 0.05425278951620241 0.05358296008508822 0.0524754752241473 0.05131323016387281 0.05031221079700952 0.05029724133074052 0.050482276425590826 0.050052055375955744 0.05049453397797091 0.05038515183317204 0.049890704698517516 0.050014189020687966 0.04984269967455296 0.05006452391323789 0.04975480127704597 0.04892609497583722 0.048735465396198864 0.048486175878285596 0.048202303780522 0.0475609025074431 0.04759434191674892 0.04781611408723455 0.04831895092905306 0.049510411167759505 0.049647582809031574 0.04944069294219226 0.048984050623500475 0.04840402605032327 0.04766957371101551 0.046519535274368674 0.045626877365406465 0.04497928705659835 0.04429324770421136 0.044088378464147315 0.04425156262727398 0.04461561422760103 0.0452846250197888 0.0463599202032068 0.04752849083430838 0.048434502134395936
-9999 0.04608960009838647 0.05378538776198692 0.05303319809894111 0.05213508468073998 0.05111284690300682 0.05045871923117201 0.050049009442314864 0.0498318740002137 0.04959097255816159 0.04968158999514566 0.04959225088893447 0.04916049437291918 0.049384992003133316 0.04903883079810944 0.049226720938420794 0.04915104742990333 0.04869324915120382 0.04844018254728129 0.04831742070207672 0.048980399907471626 0.048967393656361206 0.048958496031591935 0.04883273887087287 0.049130107292374985 0.05013236637147558 0.05127249461124958 0.051252057096302796 0.05060814106137133 0.049808706757491855 0.04896687433352106 0.04796359187954551 0.047326612979142126 0.04648863425941819 0.04608962092211406 0.045559464260755474 0.04526646507861692 0.045448667430580944 0.04609031782932275 0.04724287866628161 0.0484604540432099 0.049529021321364934
-9999 0.047089838320996315 0.05394524566204625 0.05273412572743848 0.051734845936618916 0.05081012926254899 0.0502412394350531 0.049697248032295756 0.049073085244866706 0.048752202816772366 0.04889379202929002 0.048752150290736526 0.04868699933347846 0.04887728902656186 0.04881501680247546 0.0489615235284613 0.0486688641685569 0.04829032331071369 0.04843729977239427 0.04880180306510628 0.049465646419640574 0.05032477937854908 0.0504670586594191 0.04988636491408994 0.04995594582360245 0.050673835041899276 0.05200870192902442 0.05308543087349713 0.05262995431234273 0.05160666159365016 0.05033392816101754 0.04976172337586906 0.048590380530527076 0.04856261468293519 0.04800641007752309 0.047012476391820095 0.04663702962302473 0.046827539636203896 0.04746254139722755 0.048348737965244915 0.049671171080801456 0.050835342900627474
-9999 0.04784888630291194 0.05494319620174461 0.05356513367137419 0.05219444777375599 0.051171058656744095 0.049957101565535 0.04946823572076656 0.0491057474192816 0.04868977875731596 0.048306693845915086 0.048689210489137554 0.048858056881800095 0.04888878982704096 0.04925794254217999 0.04946548266673999 0.04916804938455933 0.048897181907197405 0.04904547113674107 0.04949919018746545 0.05042229362166285 0.05160491761951466 0.05220694741192207 0.05153650069235452 0.051072896866804975 0.05157475566589069 0.05260100901474461 0.054284598676905306 0.054329960034273456 0.05336274623382634 0.052390811945326785 0.05105397104887223 0.05019435449815194 0.05029028894692038 0.04993367973034114 0.048881582218890184 0.048110631570075515 0.048350687923610594 0.048839060687529814 0.04961582658980987 0.050643281460346794 0.05187384621912997
-9999 0.04898149989469546 0.0557338794397208 0.05459335290121005 0.05331714402551596 0.05160805283305608 0.05041139163444957 0.04972201648643455 0.04922915474018697 0.04903621325393082 0.048998932833455765 0.04954927746938144 0.04999203318546835 0.049957516200548675 0.050450802779635436 0.050182651411626374 0.050287660058860255 0.05004487695854153 0.05022848901500033 0.05055739715031429 0.051167116347205076 0.05227534116722121 0.05341295115241312 0.05279315349515366 0.05203327217604161 0.05233715011504348 0.05332753653572773 0.05480937340077231 0.05549865619401303 0.054652628318232 0.05390637531348261 0.052672484153611594 0.051970148225923475 0.05219700188802313 0.051487063862355055 0.05048873622317225 0.04969277200326652 0.049632382446352714 0.05023049825312483 0.051225288082754485 0.051852646820288915 0.05280075174937044
-9999 0.049422829168096837 0.05748248344796075 0.05601007511739168 0.05409659735736531 0.05229290034054852 0.05147752497383091 0.05091030497919746 0.050241095382776435 0.05005192004333808 0.050211827997652524 0.05067826153319269 0.05168826986061172 0.051776485224663236 0.052130662333455646 0.051731840988060294 0.0518317044940192 0.05176342201744548 0.05157802923876766 0.0518116109444719 0.05240517123014561 0.05331795807700811 0.054511227872971094 0.054210860016814286 0.05314789268733145 0.05323595023884589 0.05386126333580282 0.05526897957843187 0.056514652404504206 0.05567452573309397 0.05490666706838586 0.05430885390328929 0.053941149428740835 0.054110273148376915 0.05303820398630172 0.0517757752709901 0.05147368815100199 0.05118624420295019 0.05170439997631964 0.05260466876705189 0.05327675784065485 0.05381206056367099
-9999 0.051029854592154464 0.05813380395178425 0.05618113949189304 0.05432496994635506 0.05307769248020584 0.05272190326660786 0.052489135030796 0.05198503377775353 0.05192178475845603 0.05185573878609316 0.05239898869565835 0.05294378784189823 0.05380097376190847 0.05400228988422842 0.05336363402441985 0.05338951334084479 0.05337641797537636 0.05332738395509902 0.05326916155997719 0.053653847677947016 0.05453554641318292 0.055651448711633196 0.055639800704021816 0.054479914157722 0.054469751457433664 0.05480996654213628 0.055973223415581703 0.05741025402385548 0.05693541440392637 0.05601103457732835 0.056213481796553715 0.05574189081200643 0.055747403495152795 0.05485319522344303 0.053816022515043326 0.05324609324961217 0.05293506002167726 0.053255195743783935 0.05395799589992572 0.05493762255915878 0.055081357600765
-9999 0.05195577368768954 0.057958640433950256 0.05595336801153063 0.054894713775098185 0.05427302929433717 0.054334843116757583 0.054098069633130796 0.05389957723131866 0.05379673036996108 0.05386483383885645 0.05451516751562389 0.054867189421758424 0.055759148758512234 0.05617895185711834 0.05539601436761739 0.05505038167524054 0.05520374382504765 0.05495722163967989 0.05458884226315158 0.054803877178957454 0.05540477224122245 0.056818540151995424 0.05692025388427035 0.056032419233201555 0.05587461706135452 0.055906851617006495 0.056809922362043755 0.058175788758954614 0.058081969342271215 0.057406473831917264 0.05754023775220263 0.05741030601501404 0.05715935901924948 0.05644422223806737 0.05557545380702757 0.0550128420769152 0.05477864096502762 0.0547624905769732 0.055312662911746566 0.056310168996105706 0.05665970225329334
-9999 0.052050078725083146 0.0586502748419275 0.05686932011258287 0.05645516786590096 0.05617596982080021 0.05627006849483651 0.0560613681744515 0.055847773346803 0.05544428443676407 0.05582628095314349 0.05655072644485086 0.05681487129034472 0.05733419895472309 0.05816144760202945 0.05746908488060786 0.056715031347171055 0.05686376337786812 0.056436888398757316 0.05617602952878809 0.05614382814797662 0.05660775321753923 0.05756228726869348 0.05834235373512907 0.05778409471420936 0.057154998741968006 0.057238454449873785 0.05798362585650765 0.05902434210562971 0.05906148246348746 0.058785343837364355 0.05866171670210886 0.05851287210036321 0.05843670690410913 0.05795724045718066 0.05719592341691227 0.056822875202314285 0.0563886505508524 0.05622204933497746 0.05659557512529722 0.05741998576173381 0.058164747607071805
-9999 0.05126774217820011 0.05958137931331575 0.05874367539785189 0.058497785483946865 0.05819163234420577 0.058327051604307845 0.057868221611235594 0.05776726864860272 0.05774341703153927 0.05805342856258263 0.05879534571704817 0.05878607989709056 0.05885225913474272 0.05979452661673894 0.05902186534771849 0.05866056647622863 0.05868677424173784 0.05802000813087295 0.05797507478713066 0.05790649805419298 0.0580907048613597 0.05839078196623906 0.0594818396407953 0.059381409388731744 0.058735355595896765 0.058712953457335994 0.05907116266048398 0.060000409840073946 0.05966484769763952 0.059742475566637324 0.05955552965846621 0.05940389382812487 0.05944662443647238 0.059476991778868775 0.05888564811234283 0.05851247369763135 0.057991861312676383 0.05781207487369594 0.05820992169552283 0.05887301575227016 0.05933924332548446
-9999 0.05283614809031394 0.061298093544186964 0.060523726254655644 0.06036278914502286 0.0601975814118559 0.06035448933577609 0.059802996093074004 0.059504900244583485 0.05964503218614704 0.06027770387097431 0.06088690550596439 0.06081719077609577 0.06058140748101957 0.06104585931936744 0.06055460485220879 0.060490149541600105 0.06059647316054234 0.060273341513930226 0.05998856157298415 0.059737314227100255 0.05960671717730805 0.05970326206832287 0.060481934463094744 0.060637088174040746 0.06031608928817447 0.060164517698619295 0.060256481970284756 0.060729737905280766 0.060407912004974404 0.060434910352644394 0.06101030277427282 0.060971305165870494 0.0608502332979992 0.06046546701990809 0.060299546655212456 0.05992612831088922 0.059523416283965666 0.0593265785116897 0.059732500885616706 0.06005606090985473 0.06043318419653916
-9999 0.054294444074242075 0.06287702085394603 0.06215387022193448 0.062143351449285865 0.06193023988752436 0.06205381097875868 0.06183351536446744 0.06146765811335331 0.06171703525597278 0.06231386987450661 0.06277039107828147 0.06271182800430493 0.06248872524593825 0.06270164355779069 0.0621532102404951 0.062228231470252846 0.062124710474343585 0.06201290207951369 0.06181202397444187 0.061561357716400845 0.061398404801606264 0.06147693754170816 0.061939467401090895 0.06143168655739433 0.06143207753312635 0.061480038046943894 0.06169074614231475 0.06104643843612732 0.06150084993488046 0.061740494902670855 0.06197189863544718 0.06213116735046132 0.062194176513231836 0.061599295815991946 0.06138233850936816 0.061209694191566244 0.060906851526308786 0.06074155317710032 0.061116763382044394 0.06146506850319374 0.06145615972877455
-9999 0.05531125785326603 0.064320111096048 0.06380456706154018 0.06384756252805077 0.06353689407145603 0.06343544391288006 0.06358541868056619 0.06328063602119041 0.06347315298305271 0.0642209955709337 0.06434942228374353 0.06451872721704444 0.06440203770092531 0.06335612443946387 0.06319491331933715 0.06331215541895986 0.06394269764957942 0.06387127987859625 0.0635891112074353 0.06281451314644243 0.06284504049169187 0.06297141748249968 0.06301974593568682 0.06287374033180738 0.06295423334005855 0.06266755319503499 0.061617303668927086 0.06233348932077691 0.06242597019924649 0.06243387504145115 0.06267951655908523 0.06292727261330197 0.06271367068793299 0.06265762002724017 0.06250785898183848 0.06239539410128798 0.06225092815256129 0.06219484275067359 0.0621810456350496 0.062023207575003424 0.06182187171248376
-9999 0.05596005410840332 0.06594684118288974 0.06520717995240477 0.06525032194900662 0.06531536854023763 0.06502287101160216 0.06519409692148437 0.06528884994367876 0.0653704734500115 0.06584609441551845 0.0662068389299833 0.0658221138907218 0.06575354199016167 0.06547642281646249 0.06493742277191038 0.06515370995156393 0.06514120753551116 0.06524634517636226 0.06528303829748842 0.06492488582484801 0.0647801901322808 0.06460149424362266 0.06415615859539144 0.063796086873648 0.06335241800238565 0.06223965410472987 0.06264340800866393 0.06301574167439164 0.06329054070467825 0.06337491086280807 0.06335479936365515 0.06327384766116398 0.0631182488325438 0.06239532944486385 0.06227690833546156 0.06214297231047855 0.06174532961290541 0.06135278432209868 0.06088685150011645 0.060300077254021214 0.0597498228223415
-9999 0.05667255484202216 0.06763758126471915 0.06739040703543898 0.06722499977213517 0.06716153694082785 0.06725642620475104 0.06699511408355603 0.0672162540440217 0.06736315291366735 0.06721134642965997 0.06721396605604579 0.06710323233312723 0.06676506973399296 0.06686636237648244 0.0664340792569789 0.0663938647385999 0.0663229711516115 0.06583462556198401 0.06538952755572337 0.06506124835359899 0.0651993796011121 0.06482191274394038 0.06480947361869657 0.06463139482624089 0.06430312869756226 0.0639608557790195 0.06355835186527009 0.0635744177020484 0.0629389623272115 0.06229679159016138 0.06203925855577201 0.061671798559282835 0.06227917946543529 0.06174241166232809 0.06067338916836265 0.06036480606640928 0.05990148274195223 0.0594035164023356 0.05905952764538815 0.05846765908659724 0.05783861940525402
-9999 0.059629783018234635 0.06993030440925872 0.0692221075197293 0.06911564456865014 0.06886464841280576 0.06887883419166943 0.0686912142883873 0.06841569491374738 0.06809067670518673 0.06790490027995273 0.06708133792054546 0.0658927249455953 0.06515027829485123 0.06465803336363915 0.06487263042166383 0.0649514461054598 0.06417089652577741 0.06374545507519772 0.06316121760982105 0.06291078556414127 0.06303787864106677 0.06327356317344936 0.06263201571403446 0.06268353839120092 0.0631904300914386 0.06299739781189438 0.06276934986340785 0.06174976893080768 0.06071722707592342 0.0601418377763482 0.059968647951845824 0.06004665647212196 0.061083167477548446 0.061409469584988656 0.0599050198392402 0.0585916126462245 0.05815803104472931 0.057662569137817955 0.05706819689637189 0.05641971463816195 0.05563635773874547
