resources/Output/ETP_SO.asc
NCOLS 189
NROWS 177
XLLCORNER 690600.0
YLLCORNER 5139200.0
CELLSIZE 100.0
NODATA_VALUE -9999
[rows 90 to 107 of 177, columns 42 to 83 of 189]
0.05364301118620662 0.053088378880380906 0.05385893032653464 0.05452064733859616 0.05320396628110695 0.05183715954693034 0.0507013166462685 0.04982159136169234 0.04925851083406355 0.04865419491483146 0.04833569496713387 0.04778174940845909 0.0472853423272944 0.0469673524158784 0.04673355724379737 0.04675456065658561 0.04712013833530588 0.047590808183503086 0.04720529888341755 0.0464431070653656 0.045737326368786205 0.045387736980044814 0.04517529001374896 0.04494563189022332 0.04480327757727479 0.04538572942711486 0.045958852849027385 0.0456208430268912 0.045154450794365676 0.044839802269645984 0.04433337684569008 0.04392246015888467 0.043777015629390736 0.044092711006595925 0.04417805673090598 0.0441096387690258 0.044471779909081764 0.04432541406618121 0.04418361827371607 0.044517250278810684 0.04478181784918237 0.044808791962365355
0.05135306344475651 0.05087548153972256 0.051748112773923265 0.05249054401108186 0.05175576068275033 0.050350331250569036 0.049577820297574994 0.048379969936969934 0.04838146390000826 0.048188829963870805 0.047789327205935525 0.04761832998260019 0.047258405838391054 0.04698729954739572 0.04681271269340658 0.04696651876886784 0.04730322115771954 0.04792412146438537 0.04744836052318001 0.046752670809812984 0.04609071359495619 0.04596725578378755 0.04579419801399499 0.04575259330515574 0.04571897220759584 0.04604203618105432 0.04610858620840904 0.04539391509260787 0.04473731662240404 0.04462762720422652 0.04463375515620342 0.04423302675916552 0.04419859932246947 0.044355460385729274 0.04454206203342761 0.04460205517729982 0.0447434235386222 0.04386931478748687 0.04339222990384921 0.04362087531960567 0.043842091760251514 0.04396029646676352
0.04977081031816647 0.0492059189363344 0.049878304841137346 0.05054391942601226 0.050227123205338425 0.049550306154974966 0.04896515046858345 0.048375249252823535 0.047749822646673885 0.04773248441270211 0.047565398012941525 0.047444311770632026 0.04721246942548216 0.0471109695952568 0.04707991667233541 0.04714662830981271 0.047593165447247406 0.04818142543380628 0.04771661069904374 0.04698560309610459 0.046279973623978614 0.04621625606765833 0.04639011669148618 0.046396597402122104 0.046562837313441886 0.0466211126123342 0.04598014725302566 0.04522776506152164 0.044581988210382235 0.04452406509281122 0.044826440440667095 0.04481672536170849 0.04457964676500508 0.04463866141728697 0.04491028327430567 0.045172395830602924 0.04440588552735045 0.04394984954151017 0.043402269129450916 0.043051760305389104 0.043139085706214754 0.04302088703903335
0.048421005146646434 0.04802458453109803 0.04832119268665689 0.04905521943949311 0.048794155525669555 0.04833409398269688 0.047993499016936725 0.0478309806104948 0.04787148169034834 0.047756054717982804 0.04766359737911527 0.0474984233711691 0.04727094780803953 0.04719656827930315 0.0473475150211363 0.047482985260775976 0.047830174204764625 0.048328255125015956 0.047724444428227125 0.04668465606114541 0.04619514530355871 0.04652466053434479 0.046878762584680565 0.04692975187648253 0.04689762578579684 0.04625574568485738 0.04555175609250384 0.04487616252891067 0.04452598138273087 0.04464209931308803 0.045023714340108496 0.045282861877845526 0.04521978217077988 0.04526468833770989 0.045481091907073584 0.045195556549242906 0.044783540846956814 0.04428714125187764 0.04381615488894789 0.04325092559193386 0.042582998781930344 0.04247895578897275
0.04775882657927996 0.04728379952538272 0.047540230070258045 0.04784580859989759 0.047710836459622194 0.04735069026661921 0.04776049823705623 0.04772076305652352 0.04778547768880087 0.04796621068234888 0.04803051678117625 0.047645552994968095 0.047452438962315005 0.04748434599795224 0.04749215447009659 0.04789701470531504 0.04822824800331444 0.0485540597112198 0.0477872561397933 0.046908138677864974 0.0463106221368634 0.046622773856619365 0.047055860324496684 0.04707351795468075 0.04629174494786017 0.04600530286942325 0.045586444792703684 0.0449960042318068 0.04455440523499856 0.044689141577423874 0.045075171934973325 0.04550986077758197 0.04574732885434835 0.04580417268725046 0.0454641420077681 0.044946326955148365 0.044547610029369626 0.0442523536482669 0.043950632822454615 0.043257261509722325 0.042357863997401234 0.041854866620567664
0.04775819182930581 0.047150071166484356 0.04728137196111383 0.047058966039534314 0.047064731613661745 0.04724730101511018 0.04786616023840059 0.047886659889665444 0.047723989998602126 0.04786301263480633 0.048123065644328576 0.04825024197502045 0.04778502756072608 0.0477110968247037 0.047709758911472694 0.04804367600534449 0.048616698130370374 0.04853088974050452 0.04777626906387358 0.047015893364361176 0.046386884448224044 0.04601267712899243 0.04667477855593923 0.0471448558140027 0.04638857884664064 0.04549992471819174 0.0450419287067988 0.044734892605508954 0.04454155282848348 0.04471649832587652 0.045011109593987304 0.04558416507276736 0.04610506968156052 0.045701721467387615 0.04525635987243396 0.04495383336869585 0.044720683161022 0.0443230872365617 0.04376398202827454 0.04303545472693784 0.042348351962575616 0.0417033819874175
0.048451728230680696 0.047442972845602185 0.04710162481478125 0.04722727955677284 0.04699805554375418 0.04748469445408824 0.048146936419753726 0.04785933601143987 0.04776814094579642 0.047969718245407134 0.0482135429152497 0.048571902358838535 0.04828174733258122 0.047899664770789115 0.04810090572562663 0.04825956670429197 0.04884133930435928 0.048576793573175014 0.047790495802070974 0.04685305146552805 0.0459641140141417 0.04571253303982398 0.04632417257752718 0.047255027200615085 0.04680719166770186 0.04592380809577788 0.04526077306640668 0.04470871788562518 0.044789047649372034 0.04481013793086467 0.04538046732113268 0.04599111409869833 0.04593229352484687 0.04558642320123034 0.04517424752968908 0.044898758044910704 0.044502608498671194 0.04431746085404308 0.04379409284289477 0.043302503336891486 0.042726493596746115 0.04200971062344715
0.04890221615444095 0.04780277263390406 0.04727029431002367 0.0475346725698226 0.04721113753175111 0.04797144351642819 0.048340472838592656 0.047655222129528184 0.04752040919436129 0.047809158542898265 0.04824498967988812 0.04877990300691503 0.04889112606358236 0.04856552836847996 0.048612566343526946 0.048711890376186666 0.04893426406236693 0.04822746346086232 0.04723398909586846 0.0464722375409688 0.045762210624707735 0.04537632268039051 0.04608516720171583 0.04702797666741147 0.047373061187654206 0.0466110617030618 0.045783663526810535 0.04522276898668084 0.04525780492970667 0.0451819899385039 0.04554663407247095 0.04624182098431884 0.04592717650950833 0.04556525899350888 0.04518872399489179 0.044859395976762556 0.0445202067729851 0.044117782287459564 0.043552887717883876 0.043071976955323554 0.042555109064550393 0.04197515249010684
0.04880214571998254 0.04776105207011072 0.04748704614973736 0.047953287484449485 0.048101286685267294 0.04859411541606998 0.04844782335540726 0.047710666840052915 0.047430258189881405 0.0475996502899177 0.04805816060130448 0.04862050643818887 0.04925933959370314 0.0494332530608091 0.04934630293186224 0.0492169603070492 0.048978732282147816 0.04801728090388088 0.04693844770841035 0.04612097260049918 0.04578377024928096 0.04561457283828489 0.04581917889995102 0.04686450119568718 0.04753304582563397 0.04708612851255782 0.04631127288884209 0.04584381093317901 0.045790710761631014 0.045914840995788 0.04625159180548967 0.046584041203636156 0.04608152995439017 0.04563833560357938 0.04524833063239247 0.04473432708851162 0.04438334797201602 0.044077200195405286 0.04370459900197378 0.043314945384397736 0.0425941884385074 0.042079410947465694
0.048680097742197385 0.04773938523043622 0.047897972753632036 0.04840053296505526 0.04877432623788632 0.049182566542246516 0.04844989156129001 0.047799318240627185 0.04761941784797841 0.04790588970141642 0.048142000168805356 0.04853686003839528 0.04922451069541779 0.04971791197387411 0.049680322264715575 0.04935204112702156 0.04875208362649669 0.04784274740330597 0.046945126076867454 0.046440307304878574 0.046281341699071894 0.0462026876552804 0.046421245829674086 0.04698727511637757 0.047510028969877424 0.04740060036641514 0.04666665362721943 0.04615587974319953 0.04624287298510726 0.04637459921333502 0.046734748946774936 0.046440701621508096 0.04595522761654707 0.04552481721883197 0.04522637999334795 0.04488882608383733 0.04457033803385138 0.044109192995055585 0.04377656608895455 0.043739483769810385 0.04336509388795669 0.04285018336252029
0.048199947774471445 0.04793528001705065 0.04822722077162457 0.048895756241730405 0.049609208236985836 0.049645369461376314 0.048709705569245344 0.0479347394145439 0.048102789708198486 0.04858228964897444 0.04884906887212661 0.049237841508205 0.04948944979941913 0.049667798238584866 0.04962881504985906 0.04912279077226177 0.04823842185714632 0.047214665316637504 0.04636203182816347 0.04609847900770716 0.0464512559978116 0.04695908197658358 0.04729187077305732 0.04756636486303656 0.0478586660228722 0.04743333675734954 0.04670834682551224 0.04657007438630969 0.04650294817590203 0.04658314681364455 0.04716801334693663 0.046548679096389295 0.04639202235614584 0.0461835304003692 0.04584669190568516 0.045387956664234466 0.04482509813935685 0.0447436269393197 0.04425364077917926 0.04380560953257397 0.04322708252196252 0.04258787018217326
0.04813164173761073 0.04784847583703239 0.048249208990718516 0.04890520808557402 0.049960580172533284 0.05014693002868987 0.049155879615417314 0.048508527071208306 0.04864398421111996 0.04899105921210253 0.04967460192019543 0.04996940427404194 0.050217236781316184 0.05024715594276062 0.04957697623738669 0.048953111753745865 0.04790627146462302 0.047183384800965476 0.046420683970027625 0.045958397612643226 0.04617600449352608 0.04679829424495294 0.04780499393332346 0.04832577643924691 0.04804394194667834 0.0472412470584383 0.04704518036762376 0.04720178796134454 0.04715288352697281 0.047212130651805725 0.047603229581605275 0.04738226714814152 0.04698303792281941 0.046522195650675245 0.04603506912808571 0.04575743682649554 0.0455474608115406 0.04475724905650714 0.04393286792722654 0.043414611799614575 0.04286441924115991 0.04238514260100245
0.048583085203414686 0.04805499662865065 0.04794079834872428 0.04857219812464367 0.04982273209978571 0.05066975194842503 0.04999237902890989 0.04948397507148308 0.049678908037177526 0.049518446986147144 0.05010919058763344 0.050472887289688254 0.05056630992970746 0.04985840193958468 0.04949415423060379 0.048838874300037693 0.04792391473465699 0.04708163734172732 0.04649481806924974 0.046076521753608775 0.04655371173696558 0.04697024708345437 0.047878136567613284 0.04866848650988644 0.047886634470712355 0.04728817352434496 0.047537299223018484 0.0479883735804476 0.04817471896676351 0.04765901778487384 0.047256388646763126 0.046952666185578494 0.046512416765015836 0.04545935350010679 0.045072396309868965 0.04490018933706579 0.04502796147494723 0.04480096501933166 0.0440846528067277 0.04341778050392469 0.042865147897046145 0.04233973508254354
0.04882772099862971 0.048408665152873946 0.04838880923441493 0.04876986606814665 0.04964850306202141 0.05101035002045206 0.051251472866672455 0.05069153485838121 0.050708625660941205 0.05056450553859784 0.05089740261064936 0.051075988958477925 0.05030266614176399 0.04963981809977746 0.04921334162697866 0.04866020783426895 0.0478632833035777 0.04712327354299076 0.04667206898533928 0.04646450045182647 0.046900769347016896 0.047699604242150306 0.04833061040016396 0.04922070657866323 0.04835659995923763 0.04804881332093351 0.04828985693730538 0.048648368375268085 0.047910332803332824 0.0470876275105284 0.04643666421875179 0.04596336029050047 0.04592004986033701 0.045435261846649665 0.04464351419549879 0.0444404891070574 0.04438343701211673 0.04438088635301307 0.04417683552221717 0.0436027971405981 0.04301445521539182 0.04234874035110268
0.04924561013578773 0.048595548085332986 0.048553852040881904 0.04911353979379054 0.050039270249915516 0.05115766951275613 0.05208598748641517 0.052139107236518184 0.05198509184775533 0.05162287947296322 0.05110221669396823 0.050415925903854304 0.049995606139860795 0.049181786749820294 0.04845222031690242 0.0478759207059787 0.04728907125390345 0.046707613119126634 0.04630575008453978 0.04666238600327438 0.04735148194367095 0.048320182162032176 0.04902022156839279 0.0498430037429933 0.049606975317212455 0.049240917381516515 0.04901076851091548 0.04840339207661736 0.04771681245410382 0.046927310619785605 0.04640773585345737 0.0458160831766982 0.04534165097765473 0.04506067166006346 0.044470947875690885 0.04410308662722159 0.0439335858759384 0.04394186146533862 0.04376971764969932 0.04376619995872673 0.04319497316150849 0.04240868927105502
0.049385815770406995 0.04867203522826161 0.04849113505869675 0.049236086693257436 0.050085651181489194 0.05161563335535634 0.052438676257533665 0.051951314265094126 0.051150411714236496 0.05040625263713365 0.05004996632051727 0.049447666338306405 0.04902106584759396 0.048673930446242124 0.047918681702502 0.04709679508188171 0.04652980446341248 0.04606046209062709 0.046213515582357645 0.04630500434899688 0.047370019339644805 0.04866092445428236 0.049559727580029314 0.04975919625569447 0.04914894758539218 0.04870555536118557 0.04805175964396019 0.04739253800646421 0.046882206757381334 0.04622757390816326 0.04557063643536572 0.045144784466575424 0.04484622151035667 0.044575999326372184 0.04429483704364816 0.04410013875536689 0.04372100091704958 0.043720945238221696 0.0441878215355376 0.043673999141204484 0.04323135243823385 0.04249884836210778
0.04986308463008954 0.04922702696714009 0.04882631944558379 0.049562314874114846 0.05075889477710709 0.052062087777447474 0.052775375835538256 0.05122339797904965 0.04988895744537405 0.0489854441541854 0.048702630560528246 0.04863422670219052 0.04819489623549199 0.0480553002630311 0.0477232217467881 0.0477100971228637 0.047628023443838985 0.04751760102560204 0.04713862447553474 0.047481844019513005 0.047568513156573566 0.04824916561731723 0.05007534763657579 0.049624010804540236 0.04822243828619443 0.04778654744547706 0.0473226788679907 0.04659442611370478 0.04607080973400765 0.04586627770145982 0.04558122089081988 0.04522471552182538 0.04490632571618196 0.0447129333488046 0.044507581447981365 0.04432690494615656 0.04447530390775403 0.04448286723482484 0.0445956942010332 0.043809804638980675 0.04287005167741238 0.04224672922963491
0.05023423391565612 0.0498848133186058 0.04928132944864756 0.04951615803910964 0.050822689020934946 0.052474816623647474 0.0528977771243748 0.051247612199297264 0.049531141900721665 0.048341657685746484 0.04783654850363187 0.04849732642050448 0.048860832920408485 0.04839175969685583 0.04891249099428937 0.04910566430662642 0.04946688499092626 0.04944500656416466 0.04913773160560897 0.04880824014443736 0.04877263080600027 0.049501162245588926 0.050542050358175265 0.050120701018180974 0.04877167765513932 0.0476601690734737 0.04751282174633468 0.04728908424154863 0.04672415934391557 0.046334892142401204 0.04614974185538842 0.045777752818957025 0.045416020941869 0.044913461117528565 0.0445886729237345 0.04471985502236145 0.04520356498616769 0.04501524479499936 0.044357900089904805 0.043703396969873444 0.04295603080260792 0.04196242129184868
