resources/Output/ETP_SO.asc
NCOLS 189
NROWS 177
XLLCORNER 690600.0
YLLCORNER 5139200.0
CELLSIZE 100.0
NODATA_VALUE -9999
[rows 108 to 125 of 177, columns 82 to 122 of 189]
0.01112701689693179 0.010951288313602706 0.01067793967181659 0.010459342615398404 0.010251541697042716 0.010060901254972726 0.009946699889263841 0.009966750306448254 0.010094656612230152 0.010169379615599888 0.010162556629862306 0.009993495639974294 0.00974134553036259 0.009501357909892955 0.00927930479237723 0.009031402517832153 0.008873551580429418 0.008519220210661968 0.008161694585899744 0.007899021472715267 0.007338125722292364 0.006343395388555464 0.006037300617870875 0.00565125609833939 0.005805516266554133 0.005968395762451311 0.006025175099178834 0.0062368617663396495 0.006287794425923329 0.006456466184186087 0.006854768026235154 0.007204432022322756 0.007551512707564332 0.007676154960770757 0.007613657606314099 0.00785088044997161 0.008301865513838377 0.008501928537220456 0.008641751408705595 0.008736189371009402 0.008843578523372376
0.011046191894830696 0.010849899565522686 0.010642422414947493 0.010410534018956006 0.010183094959842648 0.01003393074980882 0.010013734239612717 0.010203548081215104 0.010396547656254907 0.01043135993436237 0.01024461953980446 0.01002039455433881 0.009820355370561975 0.00961094344739118 0.009501321916196123 0.009323277273316263 0.008946066574445645 0.008525011071909056 0.008211869565997313 0.007909784101659607 0.007348059394438867 0.006198790409619298 0.0057510014551073645 0.005856640030815737 0.006041462584068139 0.006270745620325681 0.006330599430113871 0.006258009080011569 0.005876450509056231 0.005956317883587732 0.006500484927696454 0.00695352310625833 0.007194615631318097 0.0073433336519141005 0.007484945515632371 0.0077921952333886635 0.008139555956332319 0.008273673579148984 0.008335851814600625 0.008375675383792427 0.008473091207248883
0.011193517322542932 0.010936745151471942 0.01069217257845115 0.010501344110943151 0.010292811398202628 0.010128627666636128 0.010237806168903775 0.010494276777704188 0.01058573604467375 0.010578668739928862 0.010382666607656795 0.010148956507351975 0.009906592122071222 0.009807129486955786 0.009682414366601796 0.009329596008528186 0.008982525493079242 0.008600671820871156 0.008228656998597742 0.007931362365716522 0.007408428921392978 0.006008776462090118 0.006021106255984185 0.006098984668279792 0.006326309191890061 0.006544829812066337 0.006553736262583888 0.006369342650123218 0.006029238064997383 0.006098984684404964 0.006107215885098163 0.006620862720338466 0.006953519068222781 0.006996391405882196 0.007106951436640261 0.00771816201782241 0.00793153981870761 0.007964071065926207 0.007969504901628491 0.007996727603101668 0.008228775083675033
0.011470460512102314 0.011230553653627745 0.010951245170652853 0.01062823866861024 0.010424460260076608 0.010361905748404825 0.010522360142400267 0.01068501686842123 0.010770731876488724 0.010656564032040761 0.010494277927611689 0.010258347276249751 0.01011495700169739 0.009886607732139278 0.00962387432614194 0.00926047105816518 0.008903708194894869 0.008519231364534256 0.008183960261856204 0.007931345936544626 0.007288183686183196 0.006037307788331244 0.0061821848106363994 0.0063049297043153065 0.006562661966322483 0.006697956885193689 0.006675200436482085 0.006527006703915772 0.006182097921422656 0.005916255324075802 0.005813367458593912 0.0059202059465450815 0.006576072371216675 0.006670769596088431 0.007189757403328633 0.007500269704900666 0.007712949405320352 0.007755164716205887 0.007739342172609634 0.007776381720123208 0.007958689557625246
0.011440267278662378 0.01112700162892406 0.010813878699225293 0.010614091400878616 0.010585798762709802 0.010706405468743027 0.010828208142995227 0.010965786066334065 0.010849844878529082 0.010677899919365944 0.010515332538778354 0.010354923875105664 0.010094634696648137 0.009840177322293302 0.009591496216419868 0.00923545562861416 0.008861548784637607 0.008542425745662286 0.008234264200112761 0.007980152425412081 0.007303143800559205 0.006287707182112431 0.006211585211467209 0.00635645612479115 0.006580562063210886 0.0067851459940281725 0.006780514955049316 0.00669789537847473 0.006377960004526752 0.005916253600091839 0.006041510724508953 0.0062495460346100005 0.006571616604296797 0.006661730424587276 0.006897059268118024 0.007126409298143163 0.007418949053868018 0.007424048604206822 0.007474865151300769 0.0075826986291389915 0.007787016740849323
0.01127527951800024 0.011002311342401365 0.010799514278719084 0.010713585269628253 0.010828254103914525 0.01100225775149025 0.01111958783728168 0.010994966000521357 0.010857071953159382 0.010727807947189869 0.010557531754414692 0.010382667926985062 0.010162560601876286 0.009893261801468342 0.00953988823959011 0.009173186364822773 0.008825551646454306 0.008484562331110935 0.008178401605446455 0.007947633451775522 0.007393412181962471 0.006679548196864485 0.005972421424198757 0.006266480062078187 0.0065270702137820305 0.006789771655771658 0.006864138577375262 0.006771245158253976 0.006330574389926388 0.005948293061796135 0.0060374286499543335 0.006702480870118425 0.006929961641695231 0.006684462805129584 0.0065495233401250035 0.0068691023940684985 0.007063708577261175 0.006963350620505793 0.007116881006387066 0.007353636810381032 0.007562104830807103
0.011282746814256301 0.011038875356244466 0.010951311934195188 0.010980411611879123 0.011141728554541815 0.01126777786770881 0.011156505662370015 0.011031508527429136 0.010922206316620215 0.01080664331776922 0.010649462609586451 0.010424396411835311 0.010142140602841727 0.00986005297408553 0.009539878076315893 0.00919804802119084 0.008855541572110374 0.008490324488196513 0.008211883821241342 0.007920574605138066 0.007378350232648518 0.00678026905208268 0.005632209984199608 0.005864524864227839 0.006300613818521162 0.006639013647000725 0.006836182305401867 0.006864128916070557 0.0064389448444452215 0.006173754923398469 0.005864521372178302 0.007005916744200855 0.0070444062278578285 0.0069633741745788015 0.006892676964735382 0.006767181803163819 0.006790320201747604 0.006639494807621576 0.00688344182425033 0.0070639792070045756 0.007131618590076083
0.011245521609595296 0.01114916517706761 0.011112286101015757 0.011230612305806069 0.011402571183965888 0.011335028928364736 0.011230605044308423 0.011126991087585676 0.011002265591210203 0.010806643501694838 0.010606946720466621 0.010375727923835672 0.010155749164881517 0.009833559488264993 0.00953989089630389 0.009191832071392883 0.0088976966550349 0.008600691423186955 0.008239900248061604 0.007969344150812291 0.00730331843588647 0.00703436023325297 0.005805381089975803 0.005964360372049388 0.00637805337917422 0.0065404581193517905 0.006630038546651955 0.0069299551708153495 0.006972496958608187 0.006509354733860113 0.00684089356058388 0.007338654863469705 0.007409359727837277 0.007314281085876463 0.007289714257236379 0.00726018357073771 0.007122940581867133 0.007012036452830509 0.007108246833115519 0.0072748472064380655 0.00730438020754474
0.01127531357555716 0.011387575859847262 0.011447821524345704 0.01149320204175057 0.011508364695779818 0.01141012622925715 0.011320066434120842 0.011215747793079425 0.011053485676787433 0.010864298560748395 0.010685013285224249 0.010424400057731502 0.010128552327842476 0.009780762144747296 0.009431061768126695 0.009154590034289686 0.008843551280342208 0.00857151961808681 0.008217493499623047 0.007942258957016198 0.0074491811064926056 0.007145559068935019 0.0065625962815955355 0.006326328540917205 0.006518226596564928 0.006562722588687899 0.006643567464215909 0.0069868631794173484 0.007199629649489127 0.007444323963961493 0.007480203560898 0.007656199944093944 0.007730425308226553 0.0077051011238748884 0.007617286395794952 0.0075819073548851 0.007474323314631632 0.007438590843282144 0.0074839664145793065 0.007575712010649896 0.007631781381302136
0.01142522537882001 0.011584435760789385 0.011745496187670065 0.011676254157994182 0.011607335229247171 0.011508382225489161 0.011402605885724254 0.011282717589132374 0.011126990234847006 0.010965808167133505 0.010727798327819164 0.010459286320956992 0.01017619465258118 0.009913215121077845 0.00945656366853714 0.009216746582397435 0.0088916713944919 0.00856569915628936 0.008195144918675932 0.007931449777012566 0.007623896455390239 0.007204242956832225 0.006207315623188649 0.006386804435809301 0.006771281275771316 0.006953561290115774 0.007102068978069299 0.007403702552019494 0.007562033689284125 0.007676652063241492 0.007835857958290122 0.00799344649564269 0.008083137477169357 0.00804748984528968 0.007849555760019679 0.007820350485513156 0.0077579092783802315 0.007763198442070598 0.00786332550976944 0.007914250881673529 0.007921775815192517
0.011784113772637637 0.011846137100037738 0.01183838494780389 0.011760951765425612 0.011683933391195462 0.011584433919994102 0.011455386448858192 0.011282723142668318 0.011112260221624527 0.010922213199900076 0.010734959539850292 0.010473289392158965 0.01021036054301779 0.00993325277637945 0.009610931180154166 0.009298149536417142 0.008940053606023474 0.008612416837727064 0.008301831035106382 0.007980230049837927 0.007566940654532502 0.007209213084264509 0.006391055173550856 0.0064215782769031695 0.006864148359390838 0.007358284482532898 0.0074798246428348 0.007556822597302276 0.007613965360430556 0.007846340073066034 0.008247737403059157 0.008306618643950004 0.00832817494493117 0.008358534349868574 0.008357642317052126 0.008334349204531587 0.008336187868673899 0.008330106101613768 0.008368492522377029 0.008006937505992016 0.008295208737868261
0.012018079211202827 0.012041685024297682 0.011924059040555197 0.011853927553936662 0.011760946527762613 0.011630265607079238 0.011478071638250601 0.011320065412394366 0.011112257634952275 0.010864293830327198 0.010592828511470965 0.010459281786624813 0.010306494309368384 0.009986759330794279 0.00976099007186781 0.009329620940832343 0.008970407774103994 0.008688795889927157 0.008284900766658602 0.00795307315658898 0.007368402004865856 0.007082677494107933 0.006666125955395831 0.006702486259750123 0.006518264521562128 0.007293320273261768 0.007490040291892009 0.007577543903454321 0.00762451503084858 0.008191045107953956 0.00839645207920327 0.008493057600703747 0.008554697807301184 0.008583561101928549 0.008658693415578692 0.008717445731962373 0.00878103854332473 0.00883669653269997 0.008832909982704359 0.008875475627039114 0.008851405640114699
0.012160268598067835 0.01208901884228326 0.012018092696839155 0.011947500377677965 0.011807358262404938 0.011607337038744274 0.011455389069643948 0.011245475136938913 0.011016888969521856 0.010806653329789155 0.01055050264293528 0.010313452552182177 0.010000231696847313 0.009728238209135768 0.009443802758892936 0.009222984322289147 0.008927924417224438 0.008688794023916488 0.008273648172681156 0.00788834455728032 0.007403670122310983 0.007273520848156403 0.0071213514093540235 0.00667054340439782 0.006053833645917419 0.00697245329951098 0.007378469000507881 0.007485133937952098 0.00775576676950404 0.008091746722355004 0.008295598125674448 0.008439277105514216 0.008641587046390498 0.0087643643550413 0.008874736222995108 0.009043253167319921 0.009228541896462744 0.009369004017868943 0.009346406018624005 0.009338267732650911 0.009243294046202699
0.012247841923635578 0.012176170466388076 0.012096918063653175 0.011970993943453348 0.011683939806363109 0.01153115698968473 0.011380051086581409 0.011223175437891803 0.0109512729730842 0.01072782581392678 0.010536426265548689 0.010306542756168902 0.010027121610397528 0.009754461502010108 0.009386572890875614 0.00904368767000657 0.008742124295600489 0.00846732335296416 0.008239944087878362 0.008040330057940553 0.007877571821776714 0.007697044800969432 0.007484729419648708 0.007140558135413007 0.005832982784098041 0.00646083193479988 0.007160384771321474 0.007373688450170399 0.0076508073938469775 0.007895900730447727 0.008106540538461259 0.008408271402162437 0.00862230214593786 0.008786708589879932 0.009033880482794875 0.009293990618020671 0.009768574138463845 0.010007968552898129 0.009829541933700057 0.009715888246026396 0.009631124883825865
0.012327898989548744 0.01225583658174502 0.0122079760135381 0.012025946944305498 0.011853916460320454 0.011730065957778263 0.011478053627015084 0.011193499757750344 0.010914965697263818 0.01064949594499619 0.010389646094015192 0.010135377830737827 0.009873368350111494 0.009617444114739925 0.009291903453571324 0.009031453605553696 0.00876590514100737 0.008594906921436614 0.008484568854334443 0.008330132099869084 0.008089755884653013 0.007942233667285872 0.0076446128983319464 0.006761863426893279 0.005735441663771176 0.005952274789349137 0.006939332913081905 0.007209587062234746 0.007490739798752534 0.007757203381049547 0.008035394459978924 0.008329793951904437 0.00855073344177524 0.008840731051550635 0.009091751991389176 0.009485272584797054 0.010312390918142997 0.010576440805642807 0.010121667012927575 0.009927797647747505 0.009945371378288078
0.012392243714286386 0.01236002967425611 0.012279802399990486 0.01212063027663968 0.011900623897362244 0.011614961170239323 0.011402595345008879 0.011097556301233063 0.010864317904212389 0.010670811408814512 0.01045931880689335 0.010224077062012485 0.009980115770817794 0.009715154162617257 0.009411979680808879 0.009179426303804214 0.008982596396678536 0.008879614319126025 0.008801604157952636 0.008565687918278787 0.00835282037813598 0.0080731946054866 0.00782923562146613 0.0068873842544175555 0.006111245299573444 0.0057124291254344066 0.006666059009395482 0.007001257055760278 0.007323938629685473 0.007573987444889033 0.007818471099014452 0.008131568162115731 0.00841358773045809 0.008790267661679299 0.009043191127111626 0.009377081811789019 0.010094780045504273 0.010303609631160969 0.00998590576001698 0.009842341923788536 0.009924988922326542
0.012473046781303867 0.012416411452275808 0.012160254355105362 0.011908432498986904 0.011760943116288497 0.011538753402993268 0.011260385144431838 0.011097553159699142 0.011031507229784984 0.010813848365928315 0.010599893367532935 0.010341109015392648 0.0100811308847067 0.009879993325563885 0.00970859355912931 0.009462946403900094 0.009323314594971594 0.009329591428846675 0.009123595960377748 0.008831514212256475 0.008455745850038865 0.008217413991660608 0.007556630956991656 0.007184687298859401 0.006487135365111172 0.00589233897130462 0.006438943239541801 0.006399865940650353 0.007224572396039332 0.0074506754301431125 0.0076695278415024465 0.007903808433750981 0.008348012402067298 0.008619300854516688 0.008906831237174982 0.009129185137097932 0.009382919436389142 0.009435996607258756 0.009505792210343166 0.009712396445053461 0.009851956324767479
0.012537983235996236 0.012327878262510618 0.012002371825239413 0.011730102259044983 0.011569209764453879 0.011462972324929356 0.011455387578819459 0.011515916998674594 0.01131254672339041 0.010958543180123795 0.010692158447242237 0.010445351048848842 0.01029276833561348 0.01018302256677028 0.009960006678158863 0.009820334916782983 0.009840111194796504 0.009610879776554932 0.009216718580653642 0.00881357884300914 0.008536633092950599 0.008301792732464397 0.007877539657710061 0.007505192302740592 0.006939211171945374 0.006347785048940866 0.00620324253796348 0.006304996744890046 0.006963354590468361 0.007324346528013411 0.007513057669641547 0.007788301666735684 0.008045997578693872 0.008329386001487664 0.008703909059100946 0.008792843912144872 0.008873149927562671 0.009028182292197687 0.009254544461705828 0.009437732447900521 0.009587619145016192
