resources/Output/ETP_SO.asc
NCOLS 189
NROWS 177
XLLCORNER 690600.0
YLLCORNER 5139200.0
CELLSIZE 100.0
NODATA_VALUE -9999
[rows 18 to 35 of 177, columns 42 to 83 of 189]
0.05514300330556069 0.054415003559613824 0.05377194870872429 0.05274311668231332 0.05156540352721637 0.05012533158845009 0.048656583343557075 0.04724681843819749 0.05443266322061398 0.051207820771828214 0.04976322198815265 0.04472721344487391 0.0376158587797597 0.03719936423704461 0.04037943277821681 0.04074848983827898 0.04096770378816507 0.041228272838147784 0.03729672651052837 0.03759866059935391 0.03430801681289637 0.03318856680304013 0.03064586142544065 0.03361613229448616 0.033692540216517866 0.033142662057594176 0.03268331746709027 0.03417864433360252 0.0382151506718812 0.040300278900467015 0.04110708943822155 0.04469584015266179 0.046346908557037006 0.0616204248781394 0.06305331744919491 0.06351913264100774 0.06430412513687123 0.0645695633477366 0.06678320526554461 0.06540861367018115 0.0645560378771443 0.06728640002941798
0.05434155510071767 0.053847870819173534 0.05298646059827875 0.05164732833967081 0.05034898475012574 0.04918933113384661 0.04841760640258518 0.04676897177545216 0.05252579310766951 0.04627836423237228 0.045171258042839287 0.042266919401540974 0.03776675662650716 0.03599227683323623 0.03657302196827278 0.03835386480477888 0.03947211621574076 0.0418962420776721 0.03624095362117416 0.03647781216449959 0.03373252410881575 0.030785254650996935 0.02744739371334773 0.032861944347169665 0.03359699761357363 0.03323709577128651 0.03313710693845804 0.03286146107953824 0.03541593458095955 0.038969736444037 0.040793770969367045 0.04342418895573385 0.04571831076190298 0.059921508247050594 0.06090494182657019 0.06134110559445424 0.06207196514527608 0.06247749118426753 0.06518426355000041 0.06366168711239857 0.06270578695283366 0.06432112398797059
0.05371999986518336 0.052782365228734765 0.05174455695416256 0.03856712601150954 0.03779067022951507 0.03719402460665234 0.036422149444830444 0.03489658716812931 0.037293698497524314 0.034071401545116675 0.031340594886046805 0.030580449065882868 0.02874343337476479 0.028644896974096053 0.02848043496442927 0.02890637952820619 0.030576862793755825 0.03175341872127027 0.033672066673692 0.034801380649653435 0.03288598338000897 0.028958485666731242 0.02733680416368602 0.02849259090876796 0.02886808168808342 0.02883198805249261 0.0289108586750551 0.02869919178143413 0.028263215150251687 0.03130998947123534 0.032949345885133964 0.03355285625943944 0.03696315338913664 0.04270621732014469 0.04313680367761703 0.043399520883389234 0.044113916972992905 0.04469166551311541 0.0640566220642807 0.06302704096334386 0.06312556078417801 0.06319665495101782
0.05343500429764357 0.05221670009065943 0.05137429203982808 0.03860620672679167 0.03794040037502033 0.03704638115455629 0.03591158548657096 0.03362050418324618 0.03565398745191234 0.031267250321717135 0.030011074075546377 0.029700020077105548 0.02767863407885427 0.028317636862158026 0.02780034317454299 0.028192975773040654 0.029216398061932315 0.03149924340224528 0.03319695641701851 0.03413276785726708 0.033209750779063754 0.03042166847179244 0.028165181981546803 0.029124596607135275 0.02898115141882462 0.028913985820272485 0.029029602968190075 0.029009153799526073 0.02784378392014194 0.029010144703801494 0.03036063060205823 0.03184646416935581 0.03394614111391928 0.04068870244762601 0.040589015443737234 0.040528182141198583 0.041546577387260704 0.04318707840999754 0.06092763277992326 0.06006155866484854 0.0594638813451573 0.06156918922449532
0.053323485512136365 0.051882284286275636 0.050732842812059455 0.038460432560862984 0.037865587225709686 0.03648414168167592 0.03429974620435019 0.032407600185005235 0.03424636020393033 0.03024693393871054 0.02942656762301613 0.028859441098849126 0.02813256612926873 0.028248536578674915 0.027608896803950643 0.02738822468848346 0.028135534328170755 0.02973251742300224 0.03252048609498563 0.03326973446332977 0.03135271049158492 0.031140912066180585 0.02878810296483151 0.029415972988245914 0.029175087844447896 0.029183015321875592 0.028970573537699773 0.029018024363861524 0.02771170551995048 0.027318060713758894 0.028500852115960203 0.030217116140953102 0.032093174766624245 0.037801965928913446 0.035155982480340235 0.03808964041855364 0.0396698030597435 0.04119883583975234 0.05747997779691434 0.05743155610943219 0.05822221391438686 0.05938306695622949
0.05349344964195695 0.05203221353809239 0.05143619987619149 0.03875626462764875 0.037930538278832 0.03604347809115762 0.033092650514740404 0.0312893749766843 0.0339016693580337 0.030247661766971762 0.02880827949451713 0.028904058719909517 0.028710012712932647 0.028353764611668178 0.027541556368210967 0.027460550869067367 0.02775651539223713 0.028490618828377345 0.03031169959421648 0.03209713311396343 0.030375533112653362 0.028620571049043447 0.028830117722073896 0.03002590866239834 0.02868902711291159 0.02889054338068685 0.028801170810467198 0.02871568064754492 0.027406922942136897 0.027570041237278978 0.02793718487299671 0.02824312148491481 0.03016832887532959 0.03551113338735175 0.0356050164744802 0.036420950562446944 0.03830822959356569 0.03918577003468177 0.05484762488419442 0.05582563287773751 0.057876862334420104 0.05941426689572199
0.05389004327603868 0.052663806658850294 0.05191720903906052 0.03872891572411968 0.037819296162722116 0.035648332613095635 0.032991954713521635 0.03138671201348169 0.03283185680383213 0.029202028404616186 0.02877761475411426 0.02882920350150353 0.0288149548989031 0.028596897211834362 0.027270123853552736 0.027395883909159605 0.027225804352448098 0.028218422148304032 0.029616762184139504 0.030955852873783846 0.02958805525746096 0.027912934623797216 0.028276099201036013 0.02971198939357087 0.028928793003973427 0.028726703769164925 0.028398524904341617 0.02853833526762193 0.027173122216857044 0.027448494075358005 0.02755577913970037 0.02747305320115933 0.028620627367155014 0.03305828174594806 0.03415553451446061 0.03449318710980942 0.036551550849626815 0.03799274592774227 0.05283784228347058 0.055829626833553005 0.05657304425536504 0.05775306070153724
0.0548835480547144 0.053667636180600005 0.052545494370696055 0.03532395113029308 0.03451594374200287 0.032937732173343795 0.030537712561925025 0.028987116319990302 0.029142911060658052 0.026743845848982067 0.02553141244665705 0.025146203943749033 0.024844840941783276 0.0237652531722484 0.022808207002032264 0.022539373647944227 0.022624185881558557 0.022959800952572617 0.025271807581509313 0.026285059556911003 0.02567034574206375 0.024190650158500325 0.02361066414068262 0.033661046389786245 0.03323107377066083 0.03248932039382422 0.03203334053239333 0.03187097304868875 0.03133356356147663 0.03169365988965855 0.03212056462922038 0.03221478814995461 0.03240981094106633 0.03352475915275758 0.033988311534585924 0.035360398211959986 0.03681969726820692 0.03866122920016443 0.05354634773391616 0.055007687316834274 0.056319537406004226 0.05736273520852818
0.05510012878189424 0.054026458005780896 0.05297984465971664 0.035249634101854485 0.034296526954130775 0.03289625704791757 0.03057185648518397 0.02866567680756849 0.029665150244916744 0.027743022499102394 0.026743276352966208 0.025545494770167453 0.02504911402835389 0.023831827852251426 0.02281398115352727 0.022544732384651732 0.02254570374810156 0.022788971957142908 0.024915517428996413 0.02551285004244333 0.025124304186472487 0.024023701945070274 0.023785746521249367 0.032988293482972095 0.03303731518120611 0.03253890880297232 0.03183214216831729 0.03145588757298418 0.03117945814353571 0.03159279631008297 0.03198547958577434 0.03242201777038116 0.03286851653294524 0.0336878236560685 0.034464859477990197 0.035144176266104186 0.03634558388435991 0.03761339585434567 0.0520262964076701 0.05344052097897377 0.05473982852954971 0.05579272869047983
0.053541290792110674 0.05245909100283742 0.05195579549561983 0.03472727712151579 0.0335582556245446 0.032509348479590895 0.03061569829301405 0.02804890609687826 0.028728292639612164 0.02758208049043159 0.025660746941944892 0.024911637350142353 0.02461885228486461 0.02346473172270359 0.02285840526025936 0.022509049441799513 0.02259664261597715 0.0224570824123342 0.024379326296783944 0.025032783454701436 0.024540299120041457 0.02367667139657205 0.023379286541018698 0.032571171057837384 0.032510165690802915 0.03216386939520862 0.03165462201775608 0.031376285197255424 0.03115994014693363 0.031700576294917994 0.03213343093967484 0.032485272441134645 0.03316306479118827 0.03380969030117031 0.034104816840199545 0.03476768220420693 0.03533472123307027 0.036505945065985854 0.049969271926824085 0.05141053160243567 0.05228475264692661 0.05332349537783347
0.05283251552950995 0.05197736107794077 0.05058448976196204 0.033915135624152236 0.03294482098020084 0.03179731058445609 0.031060513432981465 0.028798771525222002 0.028757178940974005 0.02764607018051392 0.025915165213078108 0.024805632462697267 0.024402052367104264 0.02313548507953157 0.02276937939404749 0.0227727048505689 0.022682197441637835 0.022586790007427884 0.024014133005173112 0.024449392537821735 0.024018065091547497 0.0233877492594845 0.023457702891870096 0.03230993417394442 0.032123444866736926 0.031782747261260944 0.031413952098943196 0.03158843238325643 0.03129072809903453 0.031945390820679216 0.032343657136949804 0.0327235194095098 0.03346739182365384 0.0337452802416689 0.03401125482754641 0.034294823069125985 0.03476422993287086 0.035450392838701314 0.047914330482426166 0.04841553402832848 0.04997722561203468 0.05131657534995224
0.05267909485438539 0.05125280706993718 0.04954282185234415 0.033438726485110384 0.032384571348063794 0.030470305742256596 0.029951936914808946 0.02905030179110564 0.030147940842327026 0.028305951857785113 0.02622936367289085 0.024739473909098163 0.024279238344381 0.023003851155831208 0.02296968385395437 0.022869215008941852 0.02273317057406974 0.02258875874101637 0.024006961794469244 0.023954184884595782 0.02379507782988504 0.023483137892553328 0.0233891780981656 0.03212065264361106 0.03200953837852559 0.03194401802299005 0.03197610480295823 0.03227014682140053 0.03175558953589458 0.0319499868789271 0.0324615021569151 0.03291482446693637 0.03353599214029292 0.03383113996248461 0.03400575725012443 0.03421612617879699 0.034597163690556966 0.03486720240269231 0.046200173035565666 0.046881700859571565 0.04801521118163062 0.049369932440104985
0.03586073327047645 0.03482443186830595 0.03389767568819 0.03308193778353585 0.03225994080538281 0.030066360173994933 0.02880776172338047 0.028932272141435546 0.029542070591474495 0.02748066781838514 0.025343183127758285 0.02446291468822737 0.023768148728669704 0.02411588015417658 0.023853460319787963 0.023762547544099507 0.023592201463572292 0.023440319822876064 0.02333139792961646 0.023201654038380846 0.023125677012979778 0.022977114999654887 0.022864579670471997 0.02580034074634474 0.02556416985522602 0.025419106870957706 0.025551389763384693 0.025745783391242373 0.03208834044062289 0.032074550185360685 0.03242105453773918 0.03309896538871364 0.03354149046858533 0.038629069119601955 0.03876312888868883 0.03910915246021735 0.039421514799499326 0.03977997182064552 0.045966596678760754 0.046209731061651375 0.045781967892491365 0.047497222578416855
0.035475449040070835 0.03446519076204846 0.03357088914681174 0.03298347225249546 0.0319432330439562 0.029941475697514014 0.028614617621594486 0.02862838135527053 0.02911133179162805 0.027378342156731784 0.02577389474294023 0.024240580425502253 0.023944232388963333 0.02444348891367831 0.024024656211438376 0.023929762169808435 0.023760217747810806 0.023607687468172194 0.023499475540424905 0.023372783740946892 0.023320869763692756 0.023220464281281574 0.023132978488090723 0.026102046961032632 0.025910113060048156 0.025701570471025025 0.02584996782555822 0.02602897781039424 0.03240302418214762 0.032576824515722864 0.032997199589216604 0.03331043677737024 0.033513400438945774 0.038291750155031286 0.038575844188026 0.0388556826207634 0.03919376553678528 0.039518797447451244 0.045746654739537235 0.045657796054586634 0.0461575465346155 0.04590120130207121
0.03535822018578984 0.034311702652079654 0.03369474526923705 0.032990625173207784 0.03187517191543225 0.030261075837032463 0.028880499145198597 0.028219148775991826 0.02883197526055593 0.02764850670384173 0.025804128561751242 0.025148668375463368 0.024259161503841258 0.024823206898402766 0.02446516213701717 0.02409473479119303 0.023938387450763692 0.02381530557618999 0.023618273138312995 0.023713225416914355 0.023511074679261824 0.023266540947975603 0.023369560160189963 0.026432404531093003 0.026288675613907474 0.02617155678231119 0.026106554229548936 0.026255188551506953 0.03272167260921247 0.033030433375857496 0.03331765934198075 0.033619319105096364 0.03367237388088419 0.03829131828590188 0.03816803281423659 0.03867742470928871 0.03904483713141954 0.039322856588893715 0.045482356113754195 0.04590003588876383 0.04606783377452614 0.04615224129376733
0.03504520727842823 0.03431143097978616 0.033685486086749615 0.033050641735443524 0.032029892178782646 0.030514535394573567 0.028836588299654214 0.027754029381973907 0.02858859500307383 0.027507103747904132 0.026183839434473954 0.025282282306379654 0.024340773356762744 0.025212172456578245 0.0247780191547467 0.024346205111231117 0.024061143068585807 0.02393474246310523 0.02401892395155855 0.024243207980056546 0.024073093680671558 0.023629466039111972 0.023371766339918113 0.026617101657115012 0.026565731341896107 0.026450157062138654 0.026395548058088934 0.026517290848295984 0.033255703456134385 0.03337733107241902 0.033599174422197675 0.03368390280891244 0.03404289114043676 0.03880165208002317 0.03872723540669203 0.038570605037067086 0.038780741700048256 0.03918193056864137 0.045227539143702825 0.04537640322142391 0.04547527206555549 0.04577876301984865
0.035057476756512586 0.03429686126256703 0.033562097931981526 0.0330585946606402 0.03233350431994488 0.030908760811270253 0.029402826695438065 0.02835289971552459 0.02883406284945553 0.02773778967998778 0.025763307256383382 0.025368931352133972 0.024685750692685433 0.025079173510068473 0.024701597709196183 0.024297715490079908 0.024166507137148865 0.024218910625659142 0.024473910718078366 0.024806013551656698 0.02469441541412541 0.02404100423601836 0.023595045230318735 0.026856860262780963 0.026791243982197014 0.026706969049283408 0.026726770045485973 0.026840659088891924 0.033567366829508234 0.03364282075237712 0.03387382199797838 0.03411907052789761 0.0344462467439226 0.03945254596358274 0.03928000685365935 0.039228246900999554 0.03944094898864481 0.03936764321869918 0.04513435494457424 0.045133984764697786 0.04511912571862179 0.045164855953845486
0.036865232624528815 0.0360081692454305 0.03539875582141808 0.036661211422822616 0.035725429964539056 0.03454143900412232 0.032804484665301774 0.031577561121831556 0.03431042941418662 0.03325141881408927 0.03074972909616021 0.029989858335034408 0.028892389279562922 0.026079304351869708 0.025737327778700907 0.025420428045751117 0.02524163712516718 0.025236526957456127 0.02479839932839403 0.02540215264182443 0.025231683088844985 0.024683170526517306 0.024076469950669307 0.0293083839305661 0.02940334159352896 0.029358762607423747 0.02938927634938901 0.029702682267447572 0.03561868410588864 0.035645713462557044 0.03574712972338998 0.03612028436015506 0.036450898494693386 0.04016795267127147 0.04018121928562297 0.04009637353499236 0.039947311647034946 0.03993969313063298 0.04730696058221829 0.047098264184592904 0.046345597558204464 0.046194546452061495
