resources/Output/ETP_SO.asc
NCOLS 189
NROWS 177
XLLCORNER 690600.0
YLLCORNER 5139200.0
CELLSIZE 100.0
NODATA_VALUE -9999
[rows 126 to 143 of 177, columns 0 to 40 of 189]
-9999 0.03978341545878304 0.038735965274359005 0.03870135654702616 0.038805242143671516 0.03676286097821512 0.03669723025991906 0.03614240303658486 0.03543247472945379 0.03511280504172135 0.02139944500162309 0.021282997416858348 0.020011132865022888 0.01942219961094964 0.01924062315121171 0.008978180279721281 0.008803456045726826 0.008663737321544858 0.008557935970799686 0.008493276760734374 0.003358772038240988 0.003361971818675013 0.003413459456238031 0.003336433530406057 0.0033141999539340423 0.0016825868701113057 0.0016825868701113057 0.0016857920032223442 0.0016334549777718293 0.001570054523620263 0.0015397802289524596 0.0015292852512097145 0.0015458008712245113 0.0016193836329989907 0.0017002680870751889 0.0 0.0 0.0 0.0 0.0 0.01372596755805918
-9999 0.03971303350832697 0.03957250566493323 0.03760436194547113 0.03692910486669573 0.03492191294324733 0.034605278002157853 0.033977714198888634 0.03379093143864911 0.03335777800063204 0.02023507688733931 0.02021635052155225 0.019641641757399655 0.018649764022520565 0.018297906029431606 0.008341083826015148 0.00826175850690961 0.008198683757171449 0.008182968614123895 0.008081342233157048 0.0031737755477592774 0.003204606218911053 0.0032826197441525027 0.0032857681272190843 0.0031279308821844376 0.0015715794688465352 0.0015776899494484777 0.0015992114783709886 0.0015248034299222757 0.0014616192542518589 0.0014314774215650962 0.0014443379600969984 0.0014819744395291568 0.0015807516101460023 0.0016745927720597461 0.0 0.0 0.0 0.0 0.0 0.012785911167728337
-9999 0.03815031431639512 0.03936230466392027 0.0390135477300365 0.03699627061465336 0.03385311604353065 0.03283684500957958 0.032020865239009016 0.031751982153116025 0.031101269085955414 0.019114218957987462 0.019204448885121225 0.018845293382595635 0.018071724699704972 0.017354589443933248 0.007873162845617761 0.00780463659100557 0.0077440880320021185 0.0077365435212949155 0.007631481510701791 0.0030021253709975786 0.0030347101781082494 0.0030916017424490252 0.00314621096799992 0.003008030671941227 0.0014645143617395165 0.001479053775506226 0.0014922303348569698 0.0014558418074137843 0.0013670863324633101 0.0013492939131529952 0.0013670863324633101 0.0014429047624314874 0.001518842621448976 0.001630320516250326 0.0 0.0 0.0 0.0 0.0 0.012785911167728337
-9999 0.03780849650854744 0.038770593808130555 0.03904833454551525 0.03763833452334565 0.03391537697087656 0.03208082837320282 0.030808569494878868 0.030402025528134088 0.029770801003095274 0.01808905258636111 0.01821067762351567 0.018158481930202867 0.017421993066777497 0.01670726883593875 0.007373403848024929 0.007329817559488123 0.007264797331073809 0.007315331379475153 0.00722886110210009 0.0028289275355348606 0.0028944150870496023 0.0029116836148275686 0.0029815240178125437 0.0028715094191069483 0.0013850569494843032 0.0013892293606514044 0.0013948073757552686 0.0013864466963685162 0.0013049261061656638 0.0012707719081025068 0.0013089123829524252 0.0013739769990257166 0.0014717707578800457 0.0015533507280467782 0.0 0.0 0.0 0.0 0.0 0.01277285313907945
-9999 0.03760436194547113 0.03774037191147389 0.03818460552233325 0.03870135654702616 0.030872625810127535 0.029487366847562133 0.028118202912451044 0.027101177100263343 0.026260957953220036 0.01593041062609716 0.01560927318201114 0.015624458448223563 0.015128988979675292 0.014414726272983071 0.01121442955900661 0.011102700000297444 0.010881776214162715 0.010980774046447345 0.011002866380322409 0.014782406239337183 0.014947375597105215 0.015113746989282873 0.015281522967165463 0.015358249758313916 0.009199694461865485 0.00917170263754063 0.009181025919055999 0.009051165979053175 0.008616774519711268 0.006035312078153324 0.006256937644777389 0.006624758506337477 0.0070160306680615014 0.007512692386405835 0.004802270275873415 0.00456099366497104 0.004363200315180685 0.00410951830371048 0.003792853485371602 0.0011983487283993633
-9999 0.03686201921787218 0.03709716935934002 0.03774037191147389 0.03870135654702616 0.03183873390193469 0.03050838384385226 0.029161221533307115 0.02801269515056279 0.026921389921780888 0.016131575433728323 0.015594098611786749 0.015010626854987903 0.014616192542518601 0.014215342290618339 0.010969740541687896 0.010664223716504134 0.0104181905305648 0.010333651550359256 0.010439408849325312 0.013992797597909015 0.014107662502126053 0.014194292416224644 0.014252275149790482 0.014223260824226418 0.008822831581360128 0.008519577785958094 0.008493220977689979 0.008388441098795545 0.008216102415581659 0.005844269783701919 0.006091698424701128 0.006458532218974534 0.006897542632693304 0.007300866483483811 0.00470559194483144 0.004592343984611649 0.004311547787481975 0.0040847783402628 0.003812315724307521 0.0011810719422220579
-9999 0.0357666945775981 0.03599720732754105 0.036828506439552905 0.03777442424555764 0.03238707404118471 0.03178136582018854 0.03050838384385226 0.028972102553441945 0.02775012261411648 0.01672997164314406 0.016225031025880927 0.01560927318201114 0.015262963021403581 0.014819744395291564 0.011315710142139444 0.010718296417542232 0.010207844415355343 0.0098985642112487 0.009726611407450878 0.013332706788550433 0.013263959767911514 0.013415576443122804 0.013332706788550433 0.013168188202837836 0.008258918874999285 0.008029825690868452 0.007879970441452774 0.007773162769820495 0.007756836236336903 0.005658119463490982 0.006035312078153324 0.006432239025914357 0.006856087838554935 0.007250406892860661 0.004552065267162375 0.004525356943043216 0.004294432264695292 0.004043797906023963 0.00379673969911337 0.0011737289165116656
-9999 0.03379980219673173 0.03511352714972065 0.03593124591132357 0.03642791685403595 0.031581106460900045 0.03221326110735845 0.03138167075083564 0.029596626421067935 0.028649842026876024 0.017409341505332035 0.016745927720597454 0.016303205162503265 0.016193836329989917 0.015307813282038826 0.011623675729718097 0.010925690905210854 0.010260118183364402 0.009676490235739878 0.009360569349631125 0.012750681786840875 0.01263148575698665 0.012526291534408315 0.012408798288124015 0.012240670169245517 0.007748683492706228 0.0075471377512260135 0.007404717557234938 0.00736555420410283 0.007491485244637555 0.005628550315323409 0.00597934166635552 0.006445375193286156 0.006883703257593501 0.007279209037068923 0.004450309109620678 0.004552065267162375 0.004307264128660423 0.004043797906023963 0.003816217526702459 0.001178620185721697
-9999 0.03178694612197371 0.03348454692183801 0.03517848078913176 0.036096300322979245 0.03101347910699193 0.03221326110735845 0.031666831111975685 0.030424733929757704 0.028918221937987106 0.01777272915805059 0.017327474643089716 0.016682167652030296 0.015792202447309812 0.014834363698735593 0.011225649068898405 0.010696642129012057 0.010207844415355343 0.0098985642112487 0.00973666032680925 0.01310011818380614 0.012552523327308772 0.012189314085672278 0.011998297619424928 0.011897431956220826 0.007483562647078581 0.007303251238333239 0.007295494328994471 0.007249097087435184 0.007515294658314309 0.005705692421503986 0.006010385049064764 0.006425678761302656 0.006644925556898344 0.006883703257593501 0.004328714287294462 0.0045298003245812166 0.0042773676937638335 0.004080666080311019 0.003820122448943343 0.0011921554237053294
-9999 0.022173445721353175 0.023177226066292664 0.024580325290490212 0.026040897549985488 0.027038167369477617 0.02783378628620036 0.027884012723621836 0.026890670341987756 0.025992888260474172 0.02288898571888975 0.021832018248566433 0.02087018729831204 0.020095411325918668 0.019038686702613737 0.015435267469735307 0.014962442294473733 0.014604035516139247 0.014486045075455041 0.014354187167822306 0.012462577671924484 0.011725086482941616 0.011519197597633868 0.011280725716476375 0.011316238926981964 0.013213756992370271 0.012666911161706469 0.012666911161706469 0.012427023578460315 0.01261327239132529 0.008939783893774561 0.009389831332093326 0.009716570719303298 0.010176580071206557 0.01081615700216877 0.009753879000357317 0.010292221445540114 0.010000418427645487 0.009521554187392374 0.009060394156610146 0.0012259041769353885
-9999 0.021577973006287325 0.02241059462074259 0.024007631960596798 0.02513890478321959 0.02642711104358005 0.02778361858659209 0.02755859145624183 0.02753366198680201 0.025873125268215214 0.023299740143823192 0.022504473347734814 0.02170751909125968 0.02058962816982795 0.01957141240150521 0.015824726985360506 0.015559101445441733 0.015466156059351636 0.01554358141152445 0.014857218673748352 0.012733741496477807 0.012398688532162973 0.012120642535045847 0.012133172825271401 0.011909198348914673 0.013409675840661842 0.013227673059041127 0.013283457416067821 0.012666911161706469 0.01257316739037129 0.008552643025232664 0.008949173560877257 0.009409380090101782 0.009929156538265168 0.010228728934182672 0.009483246830929491 0.009812625864130783 0.010200992013752833 0.009675964377942247 0.009218392320744114 0.001246257767192448
-9999 0.021577973006287325 0.0224539074324401 0.02439604572617969 0.025968905917511526 0.02730995947689438 0.027458961906981178 0.026768162803359613 0.027038167369477617 0.026890670341987756 0.02378160222570793 0.02319116131922271 0.022271710361249385 0.021316577768645772 0.020390898427602906 0.016544168695676754 0.01638224224045167 0.016414533683426682 0.016285649322511458 0.015174593791925269 0.013357284487937784 0.013115751312937142 0.012825147729205502 0.013022738163205998 0.012246408522476776 0.014055472789478867 0.01427622323352481 0.013551064047042309 0.013020190307907954 0.01257316739037129 0.00832885061868208 0.008570759745572927 0.009052991141585571 0.009389831332093326 0.009868046285432521 0.009051165979053175 0.00937850936534945 0.009773431664381582 0.009861785336563763 0.009331195751941117 0.001268173825415178
-9999 0.02273690221070156 0.023310492605272216 0.025021824421498452 0.026257674927447485 0.027458961906981178 0.02708745125781971 0.026233529138230936 0.026209398197796566 0.027038167369477617 0.024516942701819814 0.02364952065866341 0.022867505849739022 0.02201970639396397 0.021173813593421634 0.017371422692040797 0.01727059975982289 0.017337767966853036 0.016221488465654844 0.01552807303423938 0.014201180162733968 0.013547495472756419 0.01358852327009565 0.013452132352851408 0.012746768305765337 0.01477161346236217 0.014924389176071192 0.014128750060591212 0.013199852926666906 0.012842546133664378 0.008337707804565112 0.008196933203948107 0.008444607441137645 0.008930402264523633 0.009438764428570614 0.008510784981519517 0.008931863863435925 0.00935956186288555 0.009851938616651847 0.009511966289066951 0.0012996257068917353
-9999 0.023713529962730427 0.024603427548394664 0.025897048118434438 0.027235657274793015 0.02711211535544615 0.02671926337256817 0.02570608199581816 0.025729900663793773 0.026113022964419547 0.02483344099477506 0.02406948685572173 0.02338685275495382 0.02261083077810808 0.021894455718400433 0.0183153870469996 0.01812374369892864 0.017540402668985815 0.016954121647797187 0.016446872042316502 0.014746807696049857 0.014060141872137851 0.014229515023958045 0.013878375000371805 0.013424980414050266 0.01578692524469448 0.015437373662194456 0.014680542699846321 0.013997071043931497 0.013339434110270325 0.008534557997201932 0.008364326494228058 0.008258275495450452 0.008525527360683766 0.008902305577633104 0.008088722305403955 0.008554821064234514 0.0090051346362801 0.009340643771694482 0.009724605524559837 0.0013547495472756405
-9999 0.008598521839334418 0.008978180279721281 0.009412288046736344 0.00972702045528322 0.011346709235154812 0.01097612410417289 0.010673621746336338 0.010534425124495803 0.010915163380921572 0.009257494944508358 0.00940364334542518 0.00909596948410131 0.008861435969437849 0.008671913316911398 0.006813987069639175 0.006711148797942926 0.006647431560166834 0.006433996876117056 0.006335270206100908 0.004614833221624602 0.0044634856663155285 0.004538696693902587 0.00429016134622455 0.004180233857295994 0.003982918777128886 0.003820122448943343 0.003761875876499124 0.003662571185081935 0.0034847161676356433 0.0022326005661309077 0.0021540475872736274 0.0021066780213710107 0.0020711705964100513 0.002095527898395214 0.0021953467969940263 0.0023062454896125052 0.0024141248312613286 0.002518226519474943 0.0026284841319615657 0.013629645871390789
-9999 0.008541739067558817 0.009011727775605447 0.009438253944135732 0.009621348889828494 0.011006690664879254 0.010643688202812598 0.010162941412598754 0.010269523164959623 0.01044560490319922 0.008819995042532228 0.009163746190074202 0.009257494944508358 0.009087521347015085 0.008853137107382258 0.0069571787009563325 0.006839867875493265 0.0067431680128893804 0.0066220645903693354 0.00652754884628737 0.004802270275873415 0.004701023528316653 0.0044371613265186795 0.004151004777667588 0.0039068214489618005 0.003761875876499124 0.003624934001730607 0.0035358605571650928 0.0034847161676356433 0.0034956252858496972 0.0022846647101546153 0.002202292832061711 0.0021449574993646445 0.0021044440583150932 0.002099982041357674 0.002149498574703658 0.0022302571676255808 0.002340142337407781 0.002451808353870777 0.0025913227545073594 0.013049261061656641
-9999 0.008557935970799686 0.008928018980636205 0.009343278882647136 0.009603810836424198 0.010844333226745162 0.010191932112881247 0.00971630179799395 0.00964169151392092 0.009697610679788457 0.00820654936038126 0.008770442138775989 0.009070641046525685 0.009214802139863166 0.00900333290660479 0.007082509685905806 0.006924453337764558 0.006807527568702825 0.006698371088238983 0.0066220645903693354 0.004839472630118498 0.004569934877455199 0.004273109509242291 0.003974855103802486 0.0037812135348686267 0.003624934001730607 0.003510213506111672 0.0034234154529023926 0.0033278554262567337 0.0033524189601654617 0.0022232390183783875 0.002209256868572548 0.0021449574993646445 0.002126872457089753 0.0021223709828031446 0.0021449574993646445 0.0021930354491408992 0.0022942359116766998 0.0024568678392834133 0.0025755218011474243 0.01247538654335992
-9999 0.008712873473635606 0.0089698067324564 0.009533869951203831 0.009455591029295678 0.01054432609216914 0.00978192309750196 0.009148820579533656 0.00897102111399082 0.009086299364354742 0.007980620647470408 0.008428960016111726 0.008861435969437849 0.00887804970568109 0.009028533500628808 0.007209382220484359 0.007069244317978361 0.006878817471467533 0.006775294275065836 0.0066856105089722565 0.0049192102543028715 0.0046600521841403345 0.004358878398644286 0.004093012344304999 0.0038240304917296014 0.003723433701849438 0.003658793575397128 0.003569055808381204 0.0033948716780945894 0.003248182321420051 0.002165454880946699 0.0021815086580772593 0.0021746165174010706 0.002151772088482728 0.0021449574993646445 0.002163169446585604 0.002202292832061711 0.0022703685824773273 0.0023547916767652018 0.0024899558303314957 0.012360479131541178
